1
1
2
4
7
11
16
22
29
33
38
44
51
55
60
66
73
77
82
88
95
99
104
110
117
121
126
132
139
143
148
154
161
165
170
176
183
187
192
198
205
209
214
220
227
231
236
242
249
253
258
264
271
275
280
286
293
297
302
308
315
319
324
330
337
341
346
352
359
363
368
374
381
385
390
396
403
407
412
418
425
429
434
440
447
451
456
462
469
473
478
484
491
495
500
506
513
517
522
528
535
539
544
550
557
561
566
572
579
583
588
594
601
605
610
616
623
627
632
638
645
649
654
660
667
671
676
682
689
693
698
704
711
715
720
726
733
737
742
748
755
759
764
770
777
781
786
792
799
803
808
814
821
825
830
836
843
847
852
858
865
869
874
880
887
891
896
902
909
913
918
924
931
935
940
946
953
957
962
968
975
979
984
990
997
1001
1006
1012
1019
1023
1028
1034
1041
1045
1050
1056
1063
1067
1072
1078
1085
1089
1094
1100
1107
1115
1124
1134
1145
1153
1162
1172
1183
1191
1200
1210
1221
1229
1238
1248
1259
1267
1276
1286
1297
1305
1314
1324
1335
1343
1352
1362
1373
1381
1390
1400
1411
1419
1428
1438
1449
1457
1466
1476
1487
1495
1504
1514
1525
1533
1542
1552
1563
1571
1580
1590
1601
1609
1618
1628
1639
1647
1656
1666
1677
1685
1694
1704
1715
1723
1732
1742
1753
1761
1770
1780
1791
1799
1808
1818
1829
1837
1846
1856
1867
1875
1884
1894
1905
1913
1922
1932
1943
1951
1960
1970
1981
1989
1998
2008
2019
2027
2036
2046
2057
2065
2074
2084
2095
2103
2112
2122
2133
2141
2150
2160
2171
2179
2188
2198
2209
2217
2226
2236
2247
2255
2264
2274
2285
2293
2302
2312
2323
2331
2340
2350
2361
2369
2378
2388
2399
2407
2416
2426
2437
2445
2454
2464
2475
2483
2492
2502
2513
2521
2530
2540
2551
2559
2568
2578
2589
2597
2606
2616
2627
2635
2644
2654
2665
2673
2682
2692
2703
2711
2720
2730
2741
2749
2758
2768
2779
2787
2796
2806
2817
2825
2834
2844
2855
2863
2872
2882
2893
2901
2910
2920
2931
2939
2948
2958
2969
2973
2978
2984
2991
2999
3008
3018
3029
3037
3046
3056
3067
3075
3084
3094
3105
3113
3122
3132
3143
3151
3160
3170
3181
3189
3198
3208
3219
3227
3236
3246
3257
3265
3274
3284
3295
3303
3312
3322
3333
3341
3350
3360
3371
3379
3388
3398
3409
3417
3426
3436
3447
3455
3464
3474
3485
3493
3502
3512
3523
3531
3540
3550
3561
3569
3578
3588
3599
3607
3616
3626
3637
3645
3654
3664
3675
3683
3692
3702
3713
3721
3730
3740
3751
3759
3768
3778
3789
3797
3806
3816
3827
3835
3844
3854
3865
3873
3882
3892
3903
3911
3920
3930
3941
3949
3958
3968
3979
3987
3996
4006
4017
4025
4034
4044
4055
4063
4072
4082
4093
4101
4110
4120
4131
4139
4148
4158
4169
4177
4186
4196
4207
4215
4224
4234
4245
4253
4262
4272
4283
4291
4300
4310
4321
4329
4338
4348
4359
4367
4376
4386
4397
4405
4414
4424
4435
4443
4452
4462
4473
4481
4490
4500
4511
4519
4528
4538
4549
4557
4566
4576
4587
4595
4604
4614
4625
4633
4642
4652
4663
4671
4680
4690
4701
4709
4718
4728
4739
4747
4756
4766
4777
4785
4794
4804
4815
4823
4832
4842
4853
4857
4862
4868
4875
4883
4892
4902
4913
4921
4930
4940
4951
4959
4968
4978
4989
4997
5006
5016
5027
5035
5044
5054
5065
5073
5082
5092
5103
5111
5120
5130
5141
5149
5158
5168
5179
5187
5196
5206
5217
5225
5234
5244
5255
5263
5272
5282
5293
5301
5310
5320
5331
5339
5348
5358
5369
5377
5386
5396
5407
5415
5424
5434
5445
5453
5462
5472
5483
5491
5500
5510
5521
5529
5538
5548
5559
5567
5576
5586
5597
5605
5614
5624
5635
5643
5652
5662
5673
5681
5690
5700
5711
5719
5728
5738
5749
5757
5766
5776
5787
5795
5804
5814
5825
5833
5842
5852
5863
5871
5880
5890
5901
5909
5918
5928
5939
5947
5956
5966
5977
5985
5994
6004
6015
6023
6032
6042
6053
6061
6070
6080
6091
6099
6108
6118
6129
6137
6146
6156
6167
6175
6184
6194
6205
6213
6222
6232
6243
6251
6260
6270
6281
6289
6298
6308
6319
6327
6336
6346
6357
6365
6374
6384
6395
6403
6412
6422
6433
6441
6450
6460
6471
6479
6488
6498
6509
6517
6526
6536
6547
6555
6564
6574
6585
6593
6602
6612
6623
6631
6640
6650
6661
6669
6678
6688
6699
6707
6716
6726
6737
6741
6746
6752
6759
6767
6776
6786
6797
6805
6814
6824
6835
6843
6852
6862
6873
6881
6890
6900
6911
6919
6928
6938
6949
6957
6966
6976
6987
6995
7004
7014
7025
7033
7042
7052
7063
7071
7080
7090
7101
7109
7118
7128
7139
7147
7156
7166
7177
7185
7194
7204
7215
7223
7232
7242
7253
7261
7270
7280
7291
7299
7308
7318
7329
7337
7346
7356
7367
7375
7384
7394
7405
7413
7422
7432
7443
7451
7460
7470
7481
7489
7498
7508
7519
7527
7536
7546
7557
7565
7574
7584
7595
7603
7612
7622
7633
7641
7650
7660
7671
7679
7688
7698
7709
7717
7726
7736
7747
7755
7764
7774
7785
7793
7802
7812
7823
7831
7840
7850
7861
7869
7878
7888
7899
7907
7916
7926
7937
7945
7954
7964
7975
7983
7992
8002
8013
8021
8030
8040
8051
8059
8068
8078
8089
8097
8106
8116
8127
8135
8144
8154
8165
8173
8182
8192
8203
8211
8220
8230
8241
8249
8258
8268
8279
8287
8296
8306
8317
8325
8334
8344
8355
8363
8372
8382
8393
8401
8410
8420
8431
8439
8448
8458
8469
8477
8486
8496
8507
8515
8524
8534
8545
8553
8562
8572
8583
8591
8600
8610
8621
8625
8630
8636
8643
8651
8660
8670
8681
8689
8698
8708
8719
8727
8736
8746
8757
8765
8774
8784
8795
8803
8812
8822
8833
8841
8850
8860
8871
8879
8888
8898
8909
8917
8926
8936
8947
8955
8964
8974
8985
8993
9002
9012
9023
9031
9040
9050
9061
9069
9078
9088
9099
9107
9116
9126
9137
9145
9154
9164
9175
9183
9192
9202
9213
9221
9230
9240
9251
9259
9268
9278
9289
9297
9306
9316
9327
9335
9344
9354
9365
9373
9382
9392
9403
9411
9420
9430
9441
9449
9458
9468
9479
9487
9496
9506
9517
9525
9534
9544
9555
9563
9572
9582
9593
9601
9610
9620
9631
9639
9648
9658
9669
9677
9686
9696
9707
9715
9724
9734
9745
9753
9762
9772
9783
9791
9800
9810
9821
9829
9838
9848
9859
9867
9876
9886
9897
9905
9914
9924
9935
9943
9952
9962
9973
9981
9990
10000
10011
10019
10028
10038
10049
10057
10066
10076
10087
10095
10104
10114
10125
10133
10142
10152
10163
10171
10180
10190
10201
10209
10218
10228
10239
10247
10256
10266
10277
10285
10294
10304
10315
10323
10332
10342
10353
10361
10370
10380
10391
10399
10408
10418
10429
10437
10446
10456
10467
10475
10484
10494
10505
10509
10514
10520
10527
10535
10544
10554
10565
10573
10582
10592
10603
10611
10620
10630
10641
10649
10658
10668
10679
10687
10696
10706
10717
10725
10734
10744
10755
10763
10772
10782
10793
10801
10810
10820
10831
10839
10848
10858
10869
10877
10886
10896
10907
10915
10924
10934
10945
10953
10962
10972
10983
10991
11000
11010
11021
11029
11038
11048
11059
11067
11076
11086
11097
11105
11114
11124
11135
11143
11152
11162
11173
11181
11190
11200
11211
11219
11228
11238
11249
11257
11266
11276
11287
11295
11304
11314
11325
11333
11342
11352
11363
11371
11380
11390
11401
11409
11418
11428
11439
11447
11456
11466
11477
11485
11494
11504
11515
11523
11532
11542
11553
11561
11570
11580
11591
11599
11608
11618
11629
11637
11646
11656
11667
11675
11684
11694
11705
11713
11722
11732
11743
11751
11760
11770
11781
11789
11798
11808
11819
11827
11836
11846
11857
11865
11874
11884
11895
11903
11912
11922
11933
11941
11950
11960
11971
11979
11988
11998
12009
12017
12026
12036
12047
12055
12064
12074
12085
12093
12102
12112
12123
12131
12140
12150
12161
12169
12178
12188
12199
12207
12216
12226
12237
12245
12254
12264
12275
12283
12292
12302
12313
12321
12330
12340
12351
12359
12368
12378
12389
12393
12398
12404
12411
12419
12428
12438
12449
12457
12466
12476
12487
12495
12504
12514
12525
12533
12542
12552
12563
12571
12580
12590
12601
12609
12618
12628
12639
12647
12656
12666
12677
12685
12694
12704
12715
12723
12732
12742
12753
12761
12770
12780
12791
12799
12808
12818
12829
12837
12846
12856
12867
12875
12884
12894
12905
12913
12922
12932
12943
12951
12960
12970
12981
12989
12998
13008
13019
13027
13036
13046
13057
13065
13074
13084
13095
13103
13112
13122
13133
13141
13150
13160
13171
13179
13188
13198
13209
13217
13226
13236
13247
13255
13264
13274
13285
13293
13302
13312
13323
13331
13340
13350
13361
13369
13378
13388
13399
13407
13416
13426
13437
13445
13454
13464
13475
13483
13492
13502
13513
13521
13530
13540
13551
13559
13568
13578
13589
13597
13606
13616
13627
13635
13644
13654
13665
13673
13682
13692
13703
13711
13720
13730
13741
13749
13758
13768
13779
13787
13796
13806
13817
13825
13834
13844
13855
13863
13872
13882
13893
13901
13910
13920
13931
13939
13948
13958
13969
13977
13986
13996
14007
14015
14024
14034
14045
14053
14062
14072
14083
14091
14100
14110
14121
14129
14138
14148
14159
14167
14176
14186
14197
14205
14214
14224
14235
14243
14252
14262
14273
14277
14282
14288
14295
14303
14312
14322
14333
14341
14350
14360
14371
14379
14388
14398
14409
14417
14426
14436
14447
14455
14464
14474
14485
14493
14502
14512
14523
14531
14540
14550
14561
14569
14578
14588
14599
14607
14616
14626
14637
14645
14654
14664
14675
14683
14692
14702
14713
14721
14730
14740
14751
14759
14768
14778
14789
14797
14806
14816
14827
14835
14844
14854
14865
14873
14882
14892
14903
14911
14920
14930
14941
14949
14958
14968
14979
14987
14996
15006
15017
15025
15034
15044
15055
15063
15072
15082
15093
15101
15110
15120
15131
15139
15148
15158
15169
15177
15186
15196
15207
15215
15224
15234
15245
15253
15262
15272
15283
15291
15300
15310
15321
15329
15338
15348
15359
15367
15376
15386
15397
15405
15414
15424
15435
15443
15452
15462
15473
15481
15490
15500
15511
15519
15528
15538
15549
15557
15566
15576
15587
15595
15604
15614
15625
15633
15642
15652
15663
15671
15680
15690
15701
15709
15718
15728
15739
15747
15756
15766
15777
15785
15794
15804
15815
15823
15832
15842
15853
15861
15870
15880
15891
15899
15908
15918
15929
15937
15946
15956
15967
15975
15984
15994
16005
16013
16022
16032
16043
16051
16060
16070
16081
16089
16098
16108
16119
16127
16136
16146
16157
16161
16166
16172
16179
16187
16196
16206
16217
16225
16234
16244
16255
16263
16272
16282
16293
16301
16310
16320
16331
16339
16348
16358
16369
16377
16386
16396
16407
16415
16424
16434
16445
16453
16462
16472
16483
16491
16500
16510
16521
16529
16538
16548
16559
16567
16576
16586
16597
16605
16614
16624
16635
16643
16652
16662
16673
16681
16690
16700
16711
16719
16728
16738
16749
16757
16766
16776
16787
16795
16804
16814
16825
16833
16842
16852
16863
16871
16880
16890
16901
16909
16918
16928
16939
16947
16956
16966
16977
16985
16994
17004
17015
17023
17032
17042
17053
17061
17070
17080
17091
17099
17108
17118
17129
17137
17146
17156
17167
17175
17184
17194
17205
17213
17222
17232
17243
17251
17260
17270
17281
17289
17298
17308
17319
17327
17336
17346
17357
17365
17374
17384
17395
17403
17412
17422
17433
17441
17450
17460
17471
17479
17488
17498
17509
17517
17526
17536
17547
17555
17564
17574
17585
17593
17602
17612
17623
17631
17640
17650
17661
17669
17678
17688
17699
17707
17716
17726
17737
17745
17754
17764
17775
17783
17792
17802
17813
17821
17830
17840
17851
17859
17868
17878
17889
17897
17906
17916
17927
17935
17944
17954
17965
17973
17982
17992
18003
18011
18020
18030
18041
18045
18050
18056
18063
18071
18080
18090
18101
18109
18118
18128
18139
18147
18156
18166
18177
18185
18194
18204
18215
18223
18232
18242
18253
18261
18270
18280
18291
18299
18308
18318
18329
18337
18346
18356
18367
18375
18384
18394
18405
18413
18422
18432
18443
18451
18460
18470
18481
18489
18498
18508
18519
18527
18536
18546
18557
18565
18574
18584
18595
18603
18612
18622
18633
18641
18650
18660
18671
18679
18688
18698
18709
18717
18726
18736
18747
18755
18764
18774
18785
18793
18802
18812
18823
18831
18840
18850
18861
18869
18878
18888
18899
18907
18916
18926
18937
18945
18954
18964
18975
18983
18992
19002
19013
19021
19030
19040
19051
19059
19068
19078
19089
19097
19106
19116
19127
19135
19144
19154
19165
19173
19182
19192
19203
19211
19220
19230
19241
19249
19258
19268
19279
19287
19296
19306
19317
19325
19334
19344
19355
19363
19372
19382
19393
19401
19410
19420
19431
19439
19448
19458
19469
19477
19486
19496
19507
19515
19524
19534
19545
19553
19562
19572
19583
19591
19600
19610
19621
19629
19638
19648
19659
19667
19676
19686
19697
19705
19714
19724
19735
19743
19752
19762
19773
19781
19790
19800
19811
19819
19828
19838
19849
19857
19866
19876
19887
19895
19904
19914
19925
19929
19934
19940
19947
19955
19964
19974
19985
19993
20002
20012
20023
20031
20040
20050
20061
20069
20078
20088
20099
20107
20116
20126
20137
20145
20154
20164
20175
20183
20192
20202
20213
20221
20230
20240
20251
20259
20268
20278
20289
20297
20306
20316
20327
20335
20344
20354
20365
20373
20382
20392
20403
20411
20420
20430
20441
20449
20458
20468
20479
20487
20496
20506
20517
20525
20534
20544
20555
20563
20572
20582
20593
20601
20610
20620
20631
20639
20648
20658
20669
20677
20686
20696
20707
20715
20724
20734
20745
20753
20762
20772
20783
20791
20800
20810
20821
20829
20838
20848
20859
20867
20876
20886
20897
20905
20914
20924
20935
20943
20952
20962
20973
20981
20990
21000
21011
21019
21028
21038
21049
21057
21066
21076
21087
21095
21104
21114
21125
21133
21142
21152
21163
21171
21180
21190
21201
21209
21218
21228
21239
21247
21256
21266
21277
21285
21294
21304
21315
21323
21332
21342
21353
21361
21370
21380
21391
21399
21408
21418
21429
21437
21446
21456
21467
21475
21484
21494
21505
21513
21522
21532
21543
21551
21560
21570
21581
21589
21598
21608
21619
21627
21636
21646
21657
21665
21674
21684
21695
21703
21712
21722
21733
21741
21750
21760
21771
21779
21788
21798
21809
21813
21818
21824
21831
21839
21848
21858
21869
21877
21886
21896
21907
21915
21924
21934
21945
21953
21962
21972
21983
21991
22000
22010
22021
22029
22038
22048
22059
22067
22076
22086
22097
22105
22114
22124
22135
22143
22152
22162
22173
22181
22190
22200
22211
22219
22228
22238
22249
22257
22266
22276
22287
22295
22304
22314
22325
22333
22342
22352
22363
22371
22380
22390
22401
22409
22418
22428
22439
22447
22456
22466
22477
22485
22494
22504
22515
22523
22532
22542
22553
22561
22570
22580
22591
22599
22608
22618
22629
22637
22646
22656
22667
22675
22684
22694
22705
22713
22722
22732
22743
22751
22760
22770
22781
22789
22798
22808
22819
22827
22836
22846
22857
22865
22874
22884
22895
22903
22912
22922
22933
22941
22950
22960
22971
22979
22988
22998
23009
23017
23026
23036
23047
23055
23064
23074
23085
23093
23102
23112
23123
23131
23140
23150
23161
23169
23178
23188
23199
23207
23216
23226
23237
23245
23254
23264
23275
23283
23292
23302
23313
23321
23330
23340
23351
23359
23368
23378
23389
23397
23406
23416
23427
23435
23444
23454
23465
23473
23482
23492
23503
23511
23520
23530
23541
23549
23558
23568
23579
23587
23596
23606
23617
23625
23634
23644
23655
23663
23672
23682
23693
23697
23702
23708
23715
23723
23732
23742
23753
23761
23770
23780
23791
23799
23808
23818
23829
23837
23846
23856
23867
23875
23884
23894
23905
23913
23922
23932
23943
23951
23960
23970
23981
23989
23998
24008
24019
24027
24036
24046
24057
24065
24074
24084
24095
24103
24112
24122
24133
24141
24150
24160
24171
24179
24188
24198
24209
24217
24226
24236
24247
24255
24264
24274
24285
24293
24302
24312
24323
24331
24340
24350
24361
24369
24378
24388
24399
24407
24416
24426
24437
24445
24454
24464
24475
24483
24492
24502
24513
24521
24530
24540
24551
24559
24568
24578
24589
24597
24606
24616
24627
24635
24644
24654
24665
24673
24682
24692
24703
24711
24720
24730
24741
24749
24758
24768
24779
24787
24796
24806
24817
24825
24834
24844
24855
24863
24872
24882
24893
24901
24910
24920
24931
24939
24948
24958
24969
24977
24986
24996
25007
25015
25024
25034
25045
25053
25062
25072
25083
25091
25100
25110
25121
25129
25138
25148
25159
25167
25176
25186
25197
25205
25214
25224
25235
25243
25252
25262
25273
25281
25290
25300
25311
25319
25328
25338
25349
25357
25366
25376
25387
25395
25404
25414
25425
25433
25442
25452
25463
25471
25480
25490
25501
25509
25518
25528
25539
25547
25556
25566
25577
25581
25586
25592
25599
25607
25616
25626
25637
25645
25654
25664
25675
25683
25692
25702
25713
25721
25730
25740
25751
25759
25768
25778
25789
25797
25806
25816
25827
25835
25844
25854
25865
25873
25882
25892
25903
25911
25920
25930
25941
25949
25958
25968
25979
25987
25996
26006
26017
26025
26034
26044
26055
26063
26072
26082
26093
26101
26110
26120
26131
26139
26148
26158
26169
26177
26186
26196
26207
26215
26224
26234
26245
26253
26262
26272
26283
26291
26300
26310
26321
26329
26338
26348
26359
26367
26376
26386
26397
26405
26414
26424
26435
26443
26452
26462
26473
26481
26490
26500
26511
26519
26528
26538
26549
26557
26566
26576
26587
26595
26604
26614
26625
26633
26642
26652
26663
26671
26680
26690
26701
26709
26718
26728
26739
26747
26756
26766
26777
26785
26794
26804
26815
26823
26832
26842
26853
26861
26870
26880
26891
26899
26908
26918
26929
26937
26946
26956
26967
26975
26984
26994
27005
27013
27022
27032
27043
27051
27060
27070
27081
27089
27098
27108
27119
27127
27136
27146
27157
27165
27174
27184
27195
27203
27212
27222
27233
27241
27250
27260
27271
27279
27288
27298
27309
27317
27326
27336
27347
27355
27364
27374
27385
27393
27402
27412
27423
27431
27440
27450
27461
27465
27470
27476
27483
27491
27500
27510
27521
27529
27538
27548
27559
27567
27576
27586
27597
27605
27614
27624
27635
27643
27652
27662
27673
27681
27690
27700
27711
27719
27728
27738
27749
27757
27766
27776
27787
27795
27804
27814
27825
27833
27842
27852
27863
27871
27880
27890
27901
27909
27918
27928
27939
27947
27956
27966
27977
27985
27994
28004
28015
28023
28032
28042
28053
28061
28070
28080
28091
28099
28108
28118
28129
28137
28146
28156
28167
28175
28184
28194
28205
28213
28222
28232
28243
28251
28260
28270
28281
28289
28298
28308
28319
28327
28336
28346
28357
28365
28374
28384
28395
28403
28412
28422
28433
28441
28450
28460
28471
28479
28488
28498
28509
28517
28526
28536
28547
28555
28564
28574
28585
28593
28602
28612
28623
28631
28640
28650
28661
28669
28678
28688
28699
28707
28716
28726
28737
28745
28754
28764
28775
28783
28792
28802
28813
28821
28830
28840
28851
28859
28868
28878
28889
28897
28906
28916
28927
28935
28944
28954
28965
28973
28982
28992
29003
29011
29020
29030
29041
29049
29058
29068
29079
29087
29096
29106
29117
29125
29134
29144
29155
29163
29172
29182
29193
29201
29210
29220
29231
29239
29248
29258
29269
29277
29286
29296
29307
29315
29324
29334
29345
29349
29354
29360
29367
29375
29384
29394
29405
29413
29422
29432
29443
29451
29460
29470
29481
29489
29498
29508
29519
29527
29536
29546
29557
29565
29574
29584
29595
29603
29612
29622
29633
29641
29650
29660
29671
29679
29688
29698
29709
29717
29726
29736
29747
29755
29764
29774
29785
29793
29802
29812
29823
29831
29840
29850
29861
29869
29878
29888
29899
29907
29916
29926
29937
29945
29954
29964
29975
29983
29992
30002
30013
30021
30030
30040
30051
30059
30068
30078
30089
30097
30106
30116
30127
30135
30144
30154
30165
30173
30182
30192
30203
30211
30220
30230
30241
30249
30258
30268
30279
30287
30296
30306
30317
30325
30334
30344
30355
30363
30372
30382
30393
30401
30410
30420
30431
30439
30448
30458
30469
30477
30486
30496
30507
30515
30524
30534
30545
30553
30562
30572
30583
30591
30600
30610
30621
30629
30638
30648
30659
30667
30676
30686
30697
30705
30714
30724
30735
30743
30752
30762
30773
30781
30790
30800
30811
30819
30828
30838
30849
30857
30866
30876
30887
30895
30904
30914
30925
30933
30942
30952
30963
30971
30980
30990
31001
31009
31018
31028
31039
31047
31056
31066
31077
31085
31094
31104
31115
31123
31132
31142
31153
31161
31170
31180
31191
31199
31208
31218
31229
31233
31238
31244
31251
31259
31268
31278
31289
31297
31306
31316
31327
31335
31344
31354
31365
31373
31382
31392
31403
31411
31420
31430
31441
31449
31458
31468
31479
31487
31496
31506
31517
31525
31534
31544
31555
31563
31572
31582
31593
31601
31610
31620
31631
31639
31648
31658
31669
31677
31686
31696
31707
31715
31724
31734
31745
31753
31762
31772
31783
31791
31800
31810
31821
31829
31838
31848
31859
31867
31876
31886
31897
31905
31914
31924
31935
31943
31952
31962
31973
31981
31990
32000
32011
32019
32028
32038
32049
32057
32066
32076
32087
32095
32104
32114
32125
32133
32142
32152
32163
32171
32180
32190
32201
32209
32218
32228
32239
32247
32256
32266
32277
32285
32294
32304
32315
32323
32332
32342
32353
32361
32370
32380
32391
32399
32408
32418
32429
32437
32446
32456
32467
32475
32484
32494
32505
32513
32522
32532
32543
32551
32560
32570
32581
32589
32598
32608
32619
32627
32636
32646
32657
32665
32674
32684
32695
32703
32712
32722
32733
32741
32750
32760
32771
32779
32788
32798
32809
32817
32826
32836
32847
32855
32864
32874
32885
32893
32902
32912
32923
32931
32940
32950
32961
32969
32978
32988
32999
33007
33016
33026
33037
33045
33054
33064
33075
33083
33092
33102
33113
33117
33122
33128
33135
33143
33152
33162
33173
33181
33190
33200
33211
33219
33228
33238
33249
33257
33266
33276
33287
33295
33304
33314
33325
33333
33342
33352
33363
33371
33380
33390
33401
33409
33418
33428
33439
33447
33456
33466
33477
33485
33494
33504
33515
33523
33532
33542
33553
33561
33570
33580
33591
33599
33608
33618
33629
33637
33646
33656
33667
33675
33684
33694
33705
33713
33722
33732
33743
33751
33760
33770
33781
33789
33798
33808
33819
33827
33836
33846
33857
33865
33874
33884
33895
33903
33912
33922
33933
33941
33950
33960
33971
33979
33988
33998
34009
34017
34026
34036
34047
34055
34064
34074
34085
34093
34102
34112
34123
34131
34140
34150
34161
34169
34178
34188
34199
34207
34216
34226
34237
34245
34254
34264
34275
34283
34292
34302
34313
34321
34330
34340
34351
34359
34368
34378
34389
34397
34406
34416
34427
34435
34444
34454
34465
34473
34482
34492
34503
34511
34520
34530
34541
34549
34558
34568
34579
34587
34596
34606
34617
34625
34634
34644
34655
34663
34672
34682
34693
34701
34710
34720
34731
34739
34748
34758
34769
34777
34786
34796
34807
34815
34824
34834
34845
34853
34862
34872
34883
34891
34900
34910
34921
34929
34938
34948
34959
34967
34976
34986
34997
35001
35006
35012
35019
35027
35036
35046
35057
35065
35074
35084
35095
35103
35112
35122
35133
35141
35150
35160
35171
35179
35188
35198
35209
35217
35226
35236
35247
35255
35264
35274
35285
35293
35302
35312
35323
35331
35340
35350
35361
35369
35378
35388
35399
35407
35416
35426
35437
35445
35454
35464
35475
35483
35492
35502
35513
35521
35530
35540
35551
35559
35568
35578
35589
35597
35606
35616
35627
35635
35644
35654
35665
35673
35682
35692
35703
35711
35720
35730
35741
35749
35758
35768
35779
35787
35796
35806
35817
35825
35834
35844
35855
35863
35872
35882
35893
35901
35910
35920
35931
35939
35948
35958
35969
35977
35986
35996
36007
36015
36024
36034
36045
36053
36062
36072
36083
36091
36100
36110
36121
36129
36138
36148
36159
36167
36176
36186
36197
36205
36214
36224
36235
36243
36252
36262
36273
36281
36290
36300
36311
36319
36328
36338
36349
36357
36366
36376
36387
36395
36404
36414
36425
36433
36442
36452
36463
36471
36480
36490
36501
36509
36518
36528
36539
36547
36556
36566
36577
36585
36594
36604
36615
36623
36632
36642
36653
36661
36670
36680
36691
36699
36708
36718
36729
36737
36746
36756
36767
36775
36784
36794
36805
36813
36822
36832
36843
36851
36860
36870
36881
36885
36890
36896
36903
36911
36920
36930
36941
36949
36958
36968
36979
36987
36996
37006
37017
37025
37034
37044
37055
37063
37072
37082
37093
37101
37110
37120
37131
37139
37148
37158
37169
37177
37186
37196
37207
37215
37224
37234
37245
37253
37262
37272
37283
37291
37300
37310
37321
37329
37338
37348
37359
37367
37376
37386
37397
37405
37414
37424
37435
37443
37452
37462
37473
37481
37490
37500
37511
37519
37528
37538
37549
37557
37566
37576
37587
37595
37604
37614
37625
37633
37642
37652
37663
37671
37680
37690
37701
37709
37718
37728
37739
37747
37756
37766
37777
37785
37794
37804
37815
37823
37832
37842
37853
37861
37870
37880
37891
37899
37908
37918
37929
37937
37946
37956
37967
37975
37984
37994
38005
38013
38022
38032
38043
38051
38060
38070
38081
38089
38098
38108
38119
38127
38136
38146
38157
38165
38174
38184
38195
38203
38212
38222
38233
38241
38250
38260
38271
38279
38288
38298
38309
38317
38326
38336
38347
38355
38364
38374
38385
38393
38402
38412
38423
38431
38440
38450
38461
38469
38478
38488
38499
38507
38516
38526
38537
38545
38554
38564
38575
38583
38592
38602
38613
38621
38630
38640
38651
38659
38668
38678
38689
38697
38706
38716
38727
38735
38744
38754
38765
38769
38774
38780
38787
38795
38804
38814
38825
38833
38842
38852
38863
38871
38880
38890
38901
38909
38918
38928
38939
38947
38956
38966
38977
38985
38994
39004
39015
39023
39032
39042
39053
39061
39070
39080
39091
39099
39108
39118
39129
39137
39146
39156
39167
39175
39184
39194
39205
39213
39222
39232
39243
39251
39260
39270
39281
39289
39298
39308
39319
39327
39336
39346
39357
39365
39374
39384
39395
39403
39412
39422
39433
39441
39450
39460
39471
39479
39488
39498
39509
39517
39526
39536
39547
39555
39564
39574
39585
39593
39602
39612
39623
39631
39640
39650
39661
39669
39678
39688
39699
39707
39716
39726
39737
39745
39754
39764
39775
39783
39792
39802
39813
39821
39830
39840
39851
39859
39868
39878
39889
39897
39906
39916
39927
39935
39944
39954
39965
39973
39982
39992
40003
40011
40020
40030
40041
40049
40058
40068
40079
40087
40096
40106
40117
40125
40134
40144
40155
40163
40172
40182
40193
40201
40210
40220
40231
40239
40248
40258
40269
40277
40286
40296
40307
40315
40324
40334
40345
40353
40362
40372
40383
40391
40400
40410
40421
40429
40438
40448
40459
40467
40476
40486
40497
40505
40514
40524
40535
40543
40552
40562
40573
40581
40590
40600
40611
40619
40628
40638
40649
40653
40658
40664
40671
40679
40688
40698
40709
40717
40726
40736
40747
40755
40764
40774
40785
40793
40802
40812
40823
40831
40840
40850
40861
40869
40878
40888
40899
40907
40916
40926
40937
40945
40954
40964
40975
40983
40992
41002
41013
41021
41030
41040
41051
41059
41068
41078
41089
41097
41106
41116
41127
41135
41144
41154
41165
41173
41182
41192
41203
41211
41220
41230
41241
41249
41258
41268
41279
41287
41296
41306
41317
41325
41334
41344
41355
41363
41372
41382
41393
41401
41410
41420
41431
41439
41448
41458
41469
41477
41486
41496
41507
41515
41524
41534
41545
41553
41562
41572
41583
41591
41600
41610
41621
41629
41638
41648
41659
41667
41676
41686
41697
41705
41714
41724
41735
41743
41752
41762
41773
41781
41790
41800
41811
41819
41828
41838
41849
41857
41866
41876
41887
41895
41904
41914
41925
41933
41942
41952
41963
41971
41980
41990
42001
42009
42018
42028
42039
42047
42056
42066
42077
42085
42094
42104
42115
42123
42132
42142
42153
42161
42170
42180
42191
42199
42208
42218
42229
42237
42246
42256
42267
42275
42284
42294
42305
42313
42322
42332
42343
42351
42360
42370
42381
42389
42398
42408
42419
42427
42436
42446
42457
42465
42474
42484
42495
42503
42512
42522
42533
42537
42542
42548
42555
42563
42572
42582
42593
42601
42610
42620
42631
42639
42648
42658
42669
42677
42686
42696
42707
42715
42724
42734
42745
42753
42762
42772
42783
42791
42800
42810
42821
42829
42838
42848
42859
42867
42876
42886
42897
42905
42914
42924
42935
42943
42952
42962
42973
42981
42990
43000
43011
43019
43028
43038
43049
43057
43066
43076
43087
43095
43104
43114
43125
43133
43142
43152
43163
43171
43180
43190
43201
43209
43218
43228
43239
43247
43256
43266
43277
43285
43294
43304
43315
43323
43332
43342
43353
43361
43370
43380
43391
43399
43408
43418
43429
43437
43446
43456
43467
43475
43484
43494
43505
43513
43522
43532
43543
43551
43560
43570
43581
43589
43598
43608
43619
43627
43636
43646
43657
43665
43674
43684
43695
43703
43712
43722
43733
43741
43750
43760
43771
43779
43788
43798
43809
43817
43826
43836
43847
43855
43864
43874
43885
43893
43902
43912
43923
43931
43940
43950
43961
43969
43978
43988
43999
44007
44016
44026
44037
44045
44054
44064
44075
44083
44092
44102
44113
44121
44130
44140
44151
44159
44168
44178
44189
44197
44206
44216
44227
44235
44244
44254
44265
44273
44282
44292
44303
44311
44320
44330
44341
44349
44358
44368
44379
44387
44396
44406
44417
44421
44426
44432
44439
44447
44456
44466
44477
44485
44494
44504
44515
44523
44532
44542
44553
44561
44570
44580
44591
44599
44608
44618
44629
44637
44646
44656
44667
44675
44684
44694
44705
44713
44722
44732
44743
44751
44760
44770
44781
44789
44798
44808
44819
44827
44836
44846
44857
44865
44874
44884
44895
44903
44912
44922
44933
44941
44950
44960
44971
44979
44988
44998
45009
45017
45026
45036
45047
45055
45064
45074
45085
45093
45102
45112
45123
45131
45140
45150
45161
45169
45178
45188
45199
45207
45216
45226
45237
45245
45254
45264
45275
45283
45292
45302
45313
45321
45330
45340
45351
45359
45368
45378
45389
45397
45406
45416
45427
45435
45444
45454
45465
45473
45482
45492
45503
45511
45520
45530
45541
45549
45558
45568
45579
45587
45596
45606
45617
45625
45634
45644
45655
45663
45672
45682
45693
45701
45710
45720
45731
45739
45748
45758
45769
45777
45786
45796
45807
45815
45824
45834
45845
45853
45862
45872
45883
45891
45900
45910
45921
45929
45938
45948
45959
45967
45976
45986
45997
46005
46014
46024
46035
46043
46052
46062
46073
46081
46090
46100
46111
46119
46128
46138
46149
46157
46166
46176
46187
46195
46204
46214
46225
46233
46242
46252
46263
46271
46280
46290
46301
46305
46310
46316
46323
46331
46340
46350
46361
46369
46378
46388
46399
46407
46416
46426
46437
46445
46454
46464
46475
46483
46492
46502
46513
46521
46530
46540
46551
46559
46568
46578
46589
46597
46606
46616
46627
46635
46644
46654
46665
46673
46682
46692
46703
46711
46720
46730
46741
46749
46758
46768
46779
46787
46796
46806
46817
46825
46834
46844
46855
46863
46872
46882
46893
46901
46910
46920
46931
46939
46948
46958
46969
46977
46986
46996
47007
47015
47024
47034
47045
47053
47062
47072
47083
47091
47100
47110
47121
47129
47138
47148
47159
47167
47176
47186
47197
47205
47214
47224
47235
47243
47252
47262
47273
47281
47290
47300
47311
47319
47328
47338
47349
47357
47366
47376
47387
47395
47404
47414
47425
47433
47442
47452
47463
47471
47480
47490
47501
47509
47518
47528
47539
47547
47556
47566
47577
47585
47594
47604
47615
47623
47632
47642
47653
47661
47670
47680
47691
47699
47708
47718
47729
47737
47746
47756
47767
47775
47784
47794
47805
47813
47822
47832
47843
47851
47860
47870
47881
47889
47898
47908
47919
47927
47936
47946
47957
47965
47974
47984
47995
48003
48012
48022
48033
48041
48050
48060
48071
48079
48088
48098
48109
48117
48126
48136
48147
48155
48164
48174
48185
48189
48194
48200
48207
48215
48224
48234
48245
48253
48262
48272
48283
48291
48300
48310
48321
48329
48338
48348
48359
48367
48376
48386
48397
48405
48414
48424
48435
48443
48452
48462
48473
48481
48490
48500
48511
48519
48528
48538
48549
48557
48566
48576
48587
48595
48604
48614
48625
48633
48642
48652
48663
48671
48680
48690
48701
48709
48718
48728
48739
48747
48756
48766
48777
48785
48794
48804
48815
48823
48832
48842
48853
48861
48870
48880
48891
48899
48908
48918
48929
48937
48946
48956
48967
48975
48984
48994
49005
49013
49022
49032
49043
49051
49060
49070
49081
49089
49098
49108
49119
49127
49136
49146
49157
49165
49174
49184
49195
49203
49212
49222
49233
49241
49250
49260
49271
49279
49288
49298
49309
49317
49326
49336
49347
49355
49364
49374
49385
49393
49402
49412
49423
49431
49440
49450
49461
49469
49478
49488
49499
49507
49516
49526
49537
49545
49554
49564
49575
49583
49592
49602
49613
49621
49630
49640
49651
49659
49668
49678
49689
49697
49706
49716
49727
49735
49744
49754
49765
49773
49782
49792
49803
49811
49820
49830
49841
49849
49858
49868
49879
49887
49896
49906
49917
49925
49934
49944
49955
49963
49972
49982
49993
50001
50010
50020
50031
50039
50048
50058
50069
50073
50078
50084
50091
50099
50108
50118
50129
50137
50146
50156
50167
50175
50184
50194
50205
50213
50222
50232
50243
50251
50260
50270
50281
50289
50298
50308
50319
50327
50336
50346
50357
50365
50374
50384
50395
50403
50412
50422
50433
50441
50450
50460
50471
50479
50488
50498
50509
50517
50526
50536
50547
50555
50564
50574
50585
50593
50602
50612
50623
50631
50640
50650
50661
50669
50678
50688
50699
50707
50716
50726
50737
50745
50754
50764
50775
50783
50792
50802
50813
50821
50830
50840
50851
50859
50868
50878
50889
50897
50906
50916
50927
50935
50944
50954
50965
50973
50982
50992
51003
51011
51020
51030
51041
51049
51058
51068
51079
51087
51096
51106
51117
51125
51134
51144
51155
51163
51172
51182
51193
51201
51210
51220
51231
51239
51248
51258
51269
51277
51286
51296
51307
51315
51324
51334
51345
51353
51362
51372
51383
51391
51400
51410
51421
51429
51438
51448
51459
51467
51476
51486
51497
51505
51514
51524
51535
51543
51552
51562
51573
51581
51590
51600
51611
51619
51628
51638
51649
51657
51666
51676
51687
51695
51704
51714
51725
51733
51742
51752
51763
51771
51780
51790
51801
51809
51818
51828
51839
51847
51856
51866
51877
51885
51894
51904
51915
51923
51932
51942
51953
51957
51962
51968
51975
51983
51992
52002
52013
52021
52030
52040
52051
52059
52068
52078
52089
52097
52106
52116
52127
52135
52144
52154
52165
52173
52182
52192
52203
52211
52220
52230
52241
52249
52258
52268
52279
52287
52296
52306
52317
52325
52334
52344
52355
52363
52372
52382
52393
52401
52410
52420
52431
52439
52448
52458
52469
52477
52486
52496
52507
52515
52524
52534
52545
52553
52562
52572
52583
52591
52600
52610
52621
52629
52638
52648
52659
52667
52676
52686
52697
52705
52714
52724
52735
52743
52752
52762
52773
52781
52790
52800
52811
52819
52828
52838
52849
52857
52866
52876
52887
52895
52904
52914
52925
52933
52942
52952
52963
52971
52980
52990
53001
53009
53018
53028
53039
53047
53056
53066
53077
53085
53094
53104
53115
53123
53132
53142
53153
53161
53170
53180
53191
53199
53208
53218
53229
53237
53246
53256
53267
53275
53284
53294
53305
53313
53322
53332
53343
53351
53360
53370
53381
53389
53398
53408
53419
53427
53436
53446
53457
53465
53474
53484
53495
53503
53512
53522
53533
53541
53550
53560
53571
53579
53588
53598
53609
53617
53626
53636
53647
53655
53664
53674
53685
53693
53702
53712
53723
53731
53740
53750
53761
53769
53778
53788
53799
53807
53816
53826
53837
53841
53846
53852
53859
53867
53876
53886
53897
53905
53914
53924
53935
53943
53952
53962
53973
53981
53990
54000
54011
54019
54028
54038
54049
54057
54066
54076
54087
54095
54104
54114
54125
54133
54142
54152
54163
54171
54180
54190
54201
54209
54218
54228
54239
54247
54256
54266
54277
54285
54294
54304
54315
54323
54332
54342
54353
54361
54370
54380
54391
54399
54408
54418
54429
54437
54446
54456
54467
54475
54484
54494
54505
54513
54522
54532
54543
54551
54560
54570
54581
54589
54598
54608
54619
54627
54636
54646
54657
54665
54674
54684
54695
54703
54712
54722
54733
54741
54750
54760
54771
54779
54788
54798
54809
54817
54826
54836
54847
54855
54864
54874
54885
54893
54902
54912
54923
54931
54940
54950
54961
54969
54978
54988
54999
55007
55016
55026
55037
55045
55054
55064
55075
55083
55092
55102
55113
55121
55130
55140
55151
55159
55168
55178
55189
55197
55206
55216
55227
55235
55244
55254
55265
55273
55282
55292
55303
55311
55320
55330
55341
55349
55358
55368
55379
55387
55396
55406
55417
55425
55434
55444
55455
55463
55472
55482
55493
55501
55510
55520
55531
55539
55548
55558
55569
55577
55586
55596
55607
55615
55624
55634
55645
55653
55662
55672
55683
55691
55700
55710
55721
55725
55730
55736
55743
55751
55760
55770
55781
55789
55798
55808
55819
55827
55836
55846
55857
55865
55874
55884
55895
55903
55912
55922
55933
55941
55950
55960
55971
55979
55988
55998
56009
56017
56026
56036
56047
56055
56064
56074
56085
56093
56102
56112
56123
56131
56140
56150
56161
56169
56178
56188
56199
56207
56216
56226
56237
56245
56254
56264
56275
56283
56292
56302
56313
56321
56330
56340
56351
56359
56368
56378
56389
56397
56406
56416
56427
56435
56444
56454
56465
56473
56482
56492
56503
56511
56520
56530
56541
56549
56558
56568
56579
56587
56596
56606
56617
56625
56634
56644
56655
56663
56672
56682
56693
56701
56710
56720
56731
56739
56748
56758
56769
56777
56786
56796
56807
56815
56824
56834
56845
56853
56862
56872
56883
56891
56900
56910
56921
56929
56938
56948
56959
56967
56976
56986
56997
57005
57014
57024
57035
57043
57052
57062
57073
57081
57090
57100
57111
57119
57128
57138
57149
57157
57166
57176
57187
57195
57204
57214
57225
57233
57242
57252
57263
57271
57280
57290
57301
57309
57318
57328
57339
57347
57356
57366
57377
57385
57394
57404
57415
57423
57432
57442
57453
57461
57470
57480
57491
57499
57508
57518
57529
57537
57546
57556
57567
57575
57584
57594
57605
57609
57614
57620
57627
57635
57644
57654
57665
57673
57682
57692
57703
57711
57720
57730
57741
57749
57758
57768
57779
57787
57796
57806
57817
57825
57834
57844
57855
57863
57872
57882
57893
57901
57910
57920
57931
57939
57948
57958
57969
57977
57986
57996
58007
58015
58024
58034
58045
58053
58062
58072
58083
58091
58100
58110
58121
58129
58138
58148
58159
58167
58176
58186
58197
58205
58214
58224
58235
58243
58252
58262
58273
58281
58290
58300
58311
58319
58328
58338
58349
58357
58366
58376
58387
58395
58404
58414
58425
58433
58442
58452
58463
58471
58480
58490
58501
58509
58518
58528
58539
58547
58556
58566
58577
58585
58594
58604
58615
58623
58632
58642
58653
58661
58670
58680
58691
58699
58708
58718
58729
58737
58746
58756
58767
58775
58784
58794
58805
58813
58822
58832
58843
58851
58860
58870
58881
58889
58898
58908
58919
58927
58936
58946
58957
58965
58974
58984
58995
59003
59012
59022
59033
59041
59050
59060
59071
59079
59088
59098
59109
59117
59126
59136
59147
59155
59164
59174
59185
59193
59202
59212
59223
59231
59240
59250
59261
59269
59278
59288
59299
59307
59316
59326
59337
59345
59354
59364
59375
59383
59392
59402
59413
59421
59430
59440
59451
59459
59468
59478
59489
59493
59498
59504
59511
59519
59528
59538
59549
59557
59566
59576
59587
59595
59604
59614
59625
59633
59642
59652
59663
59671
59680
59690
59701
59709
59718
59728
59739
59747
59756
59766
59777
59785
59794
59804
59815
59823
59832
59842
59853
59861
59870
59880
59891
59899
59908
59918
59929
59937
59946
59956
59967
59975
59984
59994
60005
60013
60022
60032
60043
60051
60060
60070
60081
60089
60098
60108
60119
60127
60136
60146
60157
60165
60174
60184
60195
60203
60212
60222
60233
60241
60250
60260
60271
60279
60288
60298
60309
60317
60326
60336
60347
60355
60364
60374
60385
60393
60402
60412
60423
60431
60440
60450
60461
60469
60478
60488
60499
60507
60516
60526
60537
60545
60554
60564
60575
60583
60592
60602
60613
60621
60630
60640
60651
60659
60668
60678
60689
60697
60706
60716
60727
60735
60744
60754
60765
60773
60782
60792
60803
60811
60820
60830
60841
60849
60858
60868
60879
60887
60896
60906
60917
60925
60934
60944
60955
60963
60972
60982
60993
61001
61010
61020
61031
61039
61048
61058
61069
61077
61086
61096
61107
61115
61124
61134
61145
61153
61162
61172
61183
61191
61200
61210
61221
61229
61238
61248
61259
61267
61276
61286
61297
61305
61314
61324
61335
61343
61352
61362
61373
61377
61382
61388
61395
61403
61412
61422
61433
61441
61450
61460
61471
61479
61488
61498
61509
61517
61526
61536
61547
61555
61564
61574
61585
61593
61602
61612
61623
61631
61640
61650
61661
61669
61678
61688
61699
61707
61716
61726
61737
61745
61754
61764
61775
61783
61792
61802
61813
61821
61830
61840
61851
61859
61868
61878
61889
61897
61906
61916
61927
61935
61944
61954
61965
61973
61982
61992
62003
62011
62020
62030
62041
62049
62058
62068
62079
62087
62096
62106
62117
62125
62134
62144
62155
62163
62172
62182
62193
62201
62210
62220
62231
62239
62248
62258
62269
62277
62286
62296
62307
62315
62324
62334
62345
62353
62362
62372
62383
62391
62400
62410
62421
62429
62438
62448
62459
62467
62476
62486
62497
62505
62514
62524
62535
62543
62552
62562
62573
62581
62590
62600
62611
62619
62628
62638
62649
62657
62666
62676
62687
62695
62704
62714
62725
62733
62742
62752
62763
62771
62780
62790
62801
62809
62818
62828
62839
62847
62856
62866
62877
62885
62894
62904
62915
62923
62932
62942
62953
62961
62970
62980
62991
62999
63008
63018
63029
63037
63046
63056
63067
63075
63084
63094
63105
63113
63122
63132
63143
63151
63160
63170
63181
63189
63198
63208
63219
63227
63236
63246
63257
63261
63266
63272
63279
63287
63296
63306
63317
63325
63334
63344
63355
63363
63372
63382
63393
63401
63410
63420
63431
63439
63448
63458
63469
63477
63486
63496
63507
63515
63524
63534
63545
63553
63562
63572
63583
63591
63600
63610
63621
63629
63638
63648
63659
63667
63676
63686
63697
63705
63714
63724
63735
63743
63752
63762
63773
63781
63790
63800
63811
63819
63828
63838
63849
63857
63866
63876
63887
63895
63904
63914
63925
63933
63942
63952
63963
63971
63980
63990
64001
64009
64018
64028
64039
64047
64056
64066
64077
64085
64094
64104
64115
64123
64132
64142
64153
64161
64170
64180
64191
64199
64208
64218
64229
64237
64246
64256
64267
64275
64284
64294
64305
64313
64322
64332
64343
64351
64360
64370
64381
64389
64398
64408
64419
64427
64436
64446
64457
64465
64474
64484
64495
64503
64512
64522
64533
64541
64550
64560
64571
64579
64588
64598
64609
64617
64626
64636
64647
64655
64664
64674
64685
64693
64702
64712
64723
64731
64740
64750
64761
64769
64778
64788
64799
64807
64816
64826
64837
64845
64854
64864
64875
64883
64892
64902
64913
64921
64930
64940
64951
64959
64968
64978
64989
64997
65006
65016
65027
65035
65044
65054
65065
65073
65082
65092
65103
65111
65120
65130
65141
65145
65150
65156
65163
65171
65180
65190
65201
65209
65218
65228
65239
65247
65256
65266
65277
65285
65294
65304
65315
65323
65332
65342
65353
65361
65370
65380
65391
65399
65408
65418
65429
65437
65446
65456
65467
65475
65484
65494
65505
65513
65522
65532
65543
65551
65560
65570
65581
65589
65598
65608
65619
65627
65636
65646
65657
65665
65674
65684
65695
65703
65712
65722
65733
65741
65750
65760
65771
65779
65788
65798
65809
65817
65826
65836
65847
65855
65864
65874
65885
65893
65902
65912
65923
65931
65940
65950
65961
65969
65978
65988
65999
66007
66016
66026
66037
66045
66054
66064
66075
66083
66092
66102
66113
66121
66130
66140
66151
66159
66168
66178
66189
66197
66206
66216
66227
66235
66244
66254
66265
66273
66282
66292
66303
66311
66320
66330
66341
66349
66358
66368
66379
66387
66396
66406
66417
66425
66434
66444
66455
66463
66472
66482
66493
66501
66510
66520
66531
66539
66548
66558
66569
66577
66586
66596
66607
66615
66624
66634
66645
66653
66662
66672
66683
66691
66700
66710
66721
66729
66738
66748
66759
66767
66776
66786
66797
66805
66814
66824
66835
66843
66852
66862
66873
66881
66890
66900
66911
66919
66928
66938
66949
66957
66966
66976
66987
66995
67004
67014
67025
67029
67034
67040
67047
67055
67064
67074
67085
67093
67102
67112
67123
67131
67140
67150
67161
67169
67178
67188
67199
67207
67216
67226
67237
67245
67254
67264
67275
67283
67292
67302
67313
67321
67330
67340
67351
67359
67368
67378
67389
67397
67406
67416
67427
67435
67444
67454
67465
67473
67482
67492
67503
67511
67520
67530
67541
67549
67558
67568
67579
67587
67596
67606
67617
67625
67634
67644
67655
67663
67672
67682
67693
67701
67710
67720
67731
67739
67748
67758
67769
67777
67786
67796
67807
67815
67824
67834
67845
67853
67862
67872
67883
67891
67900
67910
67921
67929
67938
67948
67959
67967
67976
67986
67997
68005
68014
68024
68035
68043
68052
68062
68073
68081
68090
68100
68111
68119
68128
68138
68149
68157
68166
68176
68187
68195
68204
68214
68225
68233
68242
68252
68263
68271
68280
68290
68301
68309
68318
68328
68339
68347
68356
68366
68377
68385
68394
68404
68415
68423
68432
68442
68453
68461
68470
68480
68491
68499
68508
68518
68529
68537
68546
68556
68567
68575
68584
68594
68605
68613
68622
68632
68643
68651
68660
68670
68681
68689
68698
68708
68719
68727
68736
68746
68757
68765
68774
68784
68795
68803
68812
68822
68833
68841
68850
68860
68871
68879
68888
68898
68909
68913
68918
68924
68931
68939
68948
68958
68969
68977
68986
68996
69007
69015
69024
69034
69045
69053
69062
69072
69083
69091
69100
69110
69121
69129
69138
69148
69159
69167
69176
69186
69197
69205
69214
69224
69235
69243
69252
69262
69273
69281
69290
69300
69311
69319
69328
69338
69349
69357
69366
69376
69387
69395
69404
69414
69425
69433
69442
69452
69463
69471
69480
69490
69501
69509
69518
69528
69539
69547
69556
69566
69577
69585
69594
69604
69615
69623
69632
69642
69653
69661
69670
69680
69691
69699
69708
69718
69729
69737
69746
69756
69767
69775
69784
69794
69805
69813
69822
69832
69843
69851
69860
69870
69881
69889
69898
69908
69919
69927
69936
69946
69957
69965
69974
69984
69995
70003
70012
70022
70033
70041
70050
70060
70071
70079
70088
70098
70109
70117
70126
70136
70147
70155
70164
70174
70185
70193
70202
70212
70223
70231
70240
70250
70261
70269
70278
70288
70299
70307
70316
70326
70337
70345
70354
70364
70375
70383
70392
70402
70413
70421
70430
70440
70451
70459
70468
70478
70489
70497
70506
70516
70527
70535
70544
70554
70565
70573
70582
70592
70603
70611
70620
70630
70641
70649
70658
70668
70679
70687
70696
70706
70717
70725
70734
70744
70755
70763
70772
70782
70793
70797
70802
70808
70815
70823
70832
70842
70853
70861
70870
70880
70891
70899
70908
70918
70929
70937
70946
70956
70967
70975
70984
70994
71005
71013
71022
71032
71043
71051
71060
71070
71081
71089
71098
71108
71119
71127
71136
71146
71157
71165
71174
71184
71195
71203
71212
71222
71233
71241
71250
71260
71271
71279
71288
71298
71309
71317
71326
71336
71347
71355
71364
71374
71385
71393
71402
71412
71423
71431
71440
71450
71461
71469
71478
71488
71499
71507
71516
71526
71537
71545
71554
71564
71575
71583
71592
71602
71613
71621
71630
71640
71651
71659
71668
71678
71689
71697
71706
71716
71727
71735
71744
71754
71765
71773
71782
71792
71803
71811
71820
71830
71841
71849
71858
71868
71879
71887
71896
71906
71917
71925
71934
71944
71955
71963
71972
71982
71993
72001
72010
72020
72031
72039
72048
72058
72069
72077
72086
72096
72107
72115
72124
72134
72145
72153
72162
72172
72183
72191
72200
72210
72221
72229
72238
72248
72259
72267
72276
72286
72297
72305
72314
72324
72335
72343
72352
72362
72373
72381
72390
72400
72411
72419
72428
72438
72449
72457
72466
72476
72487
72495
72504
72514
72525
72533
72542
72552
72563
72571
72580
72590
72601
72609
72618
72628
72639
72647
72656
72666
72677
72681
72686
72692
72699
72707
72716
72726
72737
72745
72754
72764
72775
72783
72792
72802
72813
72821
72830
72840
72851
72859
72868
72878
72889
72897
72906
72916
72927
72935
72944
72954
72965
72973
72982
72992
73003
73011
73020
73030
73041
73049
73058
73068
73079
73087
73096
73106
73117
73125
73134
73144
73155
73163
73172
73182
73193
73201
73210
73220
73231
73239
73248
73258
73269
73277
73286
73296
73307
73315
73324
73334
73345
73353
73362
73372
73383
73391
73400
73410
73421
73429
73438
73448
73459
73467
73476
73486
73497
73505
73514
73524
73535
73543
73552
73562
73573
73581
73590
73600
73611
73619
73628
73638
73649
73657
73666
73676
73687
73695
73704
73714
73725
73733
73742
73752
73763
73771
73780
73790
73801
73809
73818
73828
73839
73847
73856
73866
73877
73885
73894
73904
73915
73923
73932
73942
73953
73961
73970
73980
73991
73999
74008
74018
74029
74037
74046
74056
74067
74075
74084
74094
74105
74113
74122
74132
74143
74151
74160
74170
74181
74189
74198
74208
74219
74227
74236
74246
74257
74265
74274
74284
74295
74303
74312
74322
74333
74341
74350
74360
74371
74379
74388
74398
74409
74417
74426
74436
74447
74455
74464
74474
74485
74493
74502
74512
74523
74531
74540
74550
74561
74565
74570
74576
74583
74591
74600
74610
74621
74629
74638
74648
74659
74667
74676
74686
74697
74705
74714
74724
74735
74743
74752
74762
74773
74781
74790
74800
74811
74819
74828
74838
74849
74857
74866
74876
74887
74895
74904
74914
74925
74933
74942
74952
74963
74971
74980
74990
75001
75009
75018
75028
75039
75047
75056
75066
75077
75085
75094
75104
75115
75123
75132
75142
75153
75161
75170
75180
75191
75199
75208
75218
75229
75237
75246
75256
75267
75275
75284
75294
75305
75313
75322
75332
75343
75351
75360
75370
75381
75389
75398
75408
75419
75427
75436
75446
75457
75465
75474
75484
75495
75503
75512
75522
75533
75541
75550
75560
75571
75579
75588
75598
75609
75617
75626
75636
75647
75655
75664
75674
75685
75693
75702
75712
75723
75731
75740
75750
75761
75769
75778
75788
75799
75807
75816
75826
75837
75845
75854
75864
75875
75883
75892
75902
75913
75921
75930
75940
75951
75959
75968
75978
75989
75997
76006
76016
76027
76035
76044
76054
76065
76073
76082
76092
76103
76111
76120
76130
76141
76149
76158
76168
76179
76187
76196
76206
76217
76225
76234
76244
76255
76263
76272
76282
76293
76301
76310
76320
76331
76339
76348
76358
76369
76377
76386
76396
76407
76415
76424
76434
76445
76449
76454
76460
76467
76475
76484
76494
76505
76513
76522
76532
76543
76551
76560
76570
76581
76589
76598
76608
76619
76627
76636
76646
76657
76665
76674
76684
76695
76703
76712
76722
76733
76741
76750
76760
76771
76779
76788
76798
76809
76817
76826
76836
76847
76855
76864
76874
76885
76893
76902
76912
76923
76931
76940
76950
76961
76969
76978
76988
76999
77007
77016
77026
77037
77045
77054
77064
77075
77083
77092
77102
77113
77121
77130
77140
77151
77159
77168
77178
77189
77197
77206
77216
77227
77235
77244
77254
77265
77273
77282
77292
77303
77311
77320
77330
77341
77349
77358
77368
77379
77387
77396
77406
77417
77425
77434
77444
77455
77463
77472
77482
77493
77501
77510
77520
77531
77539
77548
77558
77569
77577
77586
77596
77607
77615
77624
77634
77645
77653
77662
77672
77683
77691
77700
77710
77721
77729
77738
77748
77759
77767
77776
77786
77797
77805
77814
77824
77835
77843
77852
77862
77873
77881
77890
77900
77911
77919
77928
77938
77949
77957
77966
77976
77987
77995
78004
78014
78025
78033
78042
78052
78063
78071
78080
78090
78101
78109
78118
78128
78139
78147
78156
78166
78177
78185
78194
78204
78215
78223
78232
78242
78253
78261
78270
78280
78291
78299
78308
78318
78329
78333
78338
78344
78351
78359
78368
78378
78389
78397
78406
78416
78427
78435
78444
78454
78465
78473
78482
78492
78503
78511
78520
78530
78541
78549
78558
78568
78579
78587
78596
78606
78617
78625
78634
78644
78655
78663
78672
78682
78693
78701
78710
78720
78731
78739
78748
78758
78769
78777
78786
78796
78807
78815
78824
78834
78845
78853
78862
78872
78883
78891
78900
78910
78921
78929
78938
78948
78959
78967
78976
78986
78997
79005
79014
79024
79035
79043
79052
79062
79073
79081
79090
79100
79111
79119
79128
79138
79149
79157
79166
79176
79187
79195
79204
79214
79225
79233
79242
79252
79263
79271
79280
79290
79301
79309
79318
79328
79339
79347
79356
79366
79377
79385
79394
79404
79415
79423
79432
79442
79453
79461
79470
79480
79491
79499
79508
79518
79529
79537
79546
79556
79567
79575
79584
79594
79605
79613
79622
79632
79643
79651
79660
79670
79681
79689
79698
79708
79719
79727
79736
79746
79757
79765
79774
79784
79795
79803
79812
79822
79833
79841
79850
79860
79871
79879
79888
79898
79909
79917
79926
79936
79947
79955
79964
79974
79985
79993
80002
80012
80023
80031
80040
80050
80061
80069
80078
80088
80099
80107
80116
80126
80137
80145
80154
80164
80175
80183
80192
80202
80213
80217
80222
80228
80235
80243
80252
80262
80273
80281
80290
80300
80311
80319
80328
80338
80349
80357
80366
80376
80387
80395
80404
80414
80425
80433
80442
80452
80463
80471
80480
80490
80501
80509
80518
80528
80539
80547
80556
80566
80577
80585
80594
80604
80615
80623
80632
80642
80653
80661
80670
80680
80691
80699
80708
80718
80729
80737
80746
80756
80767
80775
80784
80794
80805
80813
80822
80832
80843
80851
80860
80870
80881
80889
80898
80908
80919
80927
80936
80946
80957
80965
80974
80984
80995
81003
81012
81022
81033
81041
81050
81060
81071
81079
81088
81098
81109
81117
81126
81136
81147
81155
81164
81174
81185
81193
81202
81212
81223
81231
81240
81250
81261
81269
81278
81288
81299
81307
81316
81326
81337
81345
81354
81364
81375
81383
81392
81402
81413
81421
81430
81440
81451
81459
81468
81478
81489
81497
81506
81516
81527
81535
81544
81554
81565
81573
81582
81592
81603
81611
81620
81630
81641
81649
81658
81668
81679
81687
81696
81706
81717
81725
81734
81744
81755
81763
81772
81782
81793
81801
81810
81820
81831
81839
81848
81858
81869
81877
81886
81896
81907
81915
81924
81934
81945
81953
81962
81972
81983
81991
82000
82010
82021
82029
82038
82048
82059
82067
82076
82086
82097
82101
82106
82112
82119
82127
82136
82146
82157
82165
82174
82184
82195
82203
82212
82222
82233
82241
82250
82260
82271
82279
82288
82298
82309
82317
82326
82336
82347
82355
82364
82374
82385
82393
82402
82412
82423
82431
82440
82450
82461
82469
82478
82488
82499
82507
82516
82526
82537
82545
82554
82564
82575
82583
82592
82602
82613
82621
82630
82640
82651
82659
82668
82678
82689
82697
82706
82716
82727
82735
82744
82754
82765
82773
82782
82792
82803
82811
82820
82830
82841
82849
82858
82868
82879
82887
82896
82906
82917
82925
82934
82944
82955
82963
82972
82982
82993
83001
83010
83020
83031
83039
83048
83058
83069
83077
83086
83096
83107
83115
83124
83134
83145
83153
83162
83172
83183
83191
83200
83210
83221
83229
83238
83248
83259
83267
83276
83286
83297
83305
83314
83324
83335
83343
83352
83362
83373
83381
83390
83400
83411
83419
83428
83438
83449
83457
83466
83476
83487
83495
83504
83514
83525
83533
83542
83552
83563
83571
83580
83590
83601
83609
83618
83628
83639
83647
83656
83666
83677
83685
83694
83704
83715
83723
83732
83742
83753
83761
83770
83780
83791
83799
83808
83818
83829
83837
83846
83856
83867
83875
83884
83894
83905
83913
83922
83932
83943
83951
83960
83970
83981
83985
83990
83996
84003
84011
84020
84030
84041
84049
84058
84068
84079
84087
84096
84106
84117
84125
84134
84144
84155
84163
84172
84182
84193
84201
84210
84220
84231
84239
84248
84258
84269
84277
84286
84296
84307
84315
84324
84334
84345
84353
84362
84372
84383
84391
84400
84410
84421
84429
84438
84448
84459
84467
84476
84486
84497
84505
84514
84524
84535
84543
84552
84562
84573
84581
84590
84600
84611
84619
84628
84638
84649
84657
84666
84676
84687
84695
84704
84714
84725
84733
84742
84752
84763
84771
84780
84790
84801
84809
84818
84828
84839
84847
84856
84866
84877
84885
84894
84904
84915
84923
84932
84942
84953
84961
84970
84980
84991
84999
85008
85018
85029
85037
85046
85056
85067
85075
85084
85094
85105
85113
85122
85132
85143
85151
85160
85170
85181
85189
85198
85208
85219
85227
85236
85246
85257
85265
85274
85284
85295
85303
85312
85322
85333
85341
85350
85360
85371
85379
85388
85398
85409
85417
85426
85436
85447
85455
85464
85474
85485
85493
85502
85512
85523
85531
85540
85550
85561
85569
85578
85588
85599
85607
85616
85626
85637
85645
85654
85664
85675
85683
85692
85702
85713
85721
85730
85740
85751
85759
85768
85778
85789
85797
85806
85816
85827
85835
85844
85854
85865
85869
85874
85880
85887
85895
85904
85914
85925
85933
85942
85952
85963
85971
85980
85990
86001
86009
86018
86028
86039
86047
86056
86066
86077
86085
86094
86104
86115
86123
86132
86142
86153
86161
86170
86180
86191
86199
86208
86218
86229
86237
86246
86256
86267
86275
86284
86294
86305
86313
86322
86332
86343
86351
86360
86370
86381
86389
86398
86408
86419
86427
86436
86446
86457
86465
86474
86484
86495
86503
86512
86522
86533
86541
86550
86560
86571
86579
86588
86598
86609
86617
86626
86636
86647
86655
86664
86674
86685
86693
86702
86712
86723
86731
86740
86750
86761
86769
86778
86788
86799
86807
86816
86826
86837
86845
86854
86864
86875
86883
86892
86902
86913
86921
86930
86940
86951
86959
86968
86978
86989
86997
87006
87016
87027
87035
87044
87054
87065
87073
87082
87092
87103
87111
87120
87130
87141
87149
87158
87168
87179
87187
87196
87206
87217
87225
87234
87244
87255
87263
87272
87282
87293
87301
87310
87320
87331
87339
87348
87358
87369
87377
87386
87396
87407
87415
87424
87434
87445
87453
87462
87472
87483
87491
87500
87510
87521
87529
87538
87548
87559
87567
87576
87586
87597
87605
87614
87624
87635
87643
87652
87662
87673
87681
87690
87700
87711
87719
87728
87738
87749
87753
87758
87764
87771
87779
87788
87798
87809
87817
87826
87836
87847
87855
87864
87874
87885
87893
87902
87912
87923
87931
87940
87950
87961
87969
87978
87988
87999
88007
88016
88026
88037
88045
88054
88064
88075
88083
88092
88102
88113
88121
88130
88140
88151
88159
88168
88178
88189
88197
88206
88216
88227
88235
88244
88254
88265
88273
88282
88292
88303
88311
88320
88330
88341
88349
88358
88368
88379
88387
88396
88406
88417
88425
88434
88444
88455
88463
88472
88482
88493
88501
88510
88520
88531
88539
88548
88558
88569
88577
88586
88596
88607
88615
88624
88634
88645
88653
88662
88672
88683
88691
88700
88710
88721
88729
88738
88748
88759
88767
88776
88786
88797
88805
88814
88824
88835
88843
88852
88862
88873
88881
88890
88900
88911
88919
88928
88938
88949
88957
88966
88976
88987
88995
89004
89014
89025
89033
89042
89052
89063
89071
89080
89090
89101
89109
89118
89128
89139
89147
89156
89166
89177
89185
89194
89204
89215
89223
89232
89242
89253
89261
89270
89280
89291
89299
89308
89318
89329
89337
89346
89356
89367
89375
89384
89394
89405
89413
89422
89432
89443
89451
89460
89470
89481
89489
89498
89508
89519
89527
89536
89546
89557
89565
89574
89584
89595
89603
89612
89622
89633
89637
89642
89648
89655
89663
89672
89682
89693
89701
89710
89720
89731
89739
89748
89758
89769
89777
89786
89796
89807
89815
89824
89834
89845
89853
89862
89872
89883
89891
89900
89910
89921
89929
89938
89948
89959
89967
89976
89986
89997
90005
90014
90024
90035
90043
90052
90062
90073
90081
90090
90100
90111
90119
90128
90138
90149
90157
90166
90176
90187
90195
90204
90214
90225
90233
90242
90252
90263
90271
90280
90290
90301
90309
90318
90328
90339
90347
90356
90366
90377
90385
90394
90404
90415
90423
90432
90442
90453
90461
90470
90480
90491
90499
90508
90518
90529
90537
90546
90556
90567
90575
90584
90594
90605
90613
90622
90632
90643
90651
90660
90670
90681
90689
90698
90708
90719
90727
90736
90746
90757
90765
90774
90784
90795
90803
90812
90822
90833
90841
90850
90860
90871
90879
90888
90898
90909
90917
90926
90936
90947
90955
90964
90974
90985
90993
91002
91012
91023
91031
91040
91050
91061
91069
91078
91088
91099
91107
91116
91126
91137
91145
91154
91164
91175
91183
91192
91202
91213
91221
91230
91240
91251
91259
91268
91278
91289
91297
91306
91316
91327
91335
91344
91354
91365
91373
91382
91392
91403
91411
91420
91430
91441
91449
91458
91468
91479
91487
91496
91506
91517
91521
91526
91532
91539
91547
91556
91566
91577
91585
91594
91604
91615
91623
91632
91642
91653
91661
91670
91680
91691
91699
91708
91718
91729
91737
91746
91756
91767
91775
91784
91794
91805
91813
91822
91832
91843
91851
91860
91870
91881
91889
91898
91908
91919
91927
91936
91946
91957
91965
91974
91984
91995
92003
92012
92022
92033
92041
92050
92060
92071
92079
92088
92098
92109
92117
92126
92136
92147
92155
92164
92174
92185
92193
92202
92212
92223
92231
92240
92250
92261
92269
92278
92288
92299
92307
92316
92326
92337
92345
92354
92364
92375
92383
92392
92402
92413
92421
92430
92440
92451
92459
92468
92478
92489
92497
92506
92516
92527
92535
92544
92554
92565
92573
92582
92592
92603
92611
92620
92630
92641
92649
92658
92668
92679
92687
92696
92706
92717
92725
92734
92744
92755
92763
92772
92782
92793
92801
92810
92820
92831
92839
92848
92858
92869
92877
92886
92896
92907
92915
92924
92934
92945
92953
92962
92972
92983
92991
93000
93010
93021
93029
93038
93048
93059
93067
93076
93086
93097
93105
93114
93124
93135
93143
93152
93162
93173
93181
93190
93200
93211
93219
93228
93238
93249
93257
93266
93276
93287
93295
93304
93314
93325
93333
93342
93352
93363
93371
93380
93390
93401
