1
1
2
4
7
11
16
20
25
29
34
38
43
47
52
56
61
65
70
74
79
83
88
92
97
101
106
110
115
119
124
128
133
137
142
146
151
155
160
164
169
173
178
182
187
191
196
200
205
209
214
218
223
227
232
236
241
245
250
254
259
263
268
272
277
281
286
290
295
299
304
308
313
317
322
326
331
335
340
344
349
353
358
362
367
371
376
380
385
389
394
398
403
407
412
416
421
425
430
434
439
443
448
452
457
461
466
470
475
479
484
488
493
497
502
506
511
515
520
524
529
533
538
542
547
551
556
560
565
569
574
578
583
587
592
596
601
605
610
614
619
623
628
632
637
641
646
650
655
659
664
668
673
677
682
686
691
695
700
704
709
713
718
722
727
731
736
740
745
749
754
758
763
767
772
776
781
785
790
794
799
803
808
812
817
821
826
830
835
839
844
848
853
857
862
866
871
875
880
884
889
896
902
912
922
932
942
952
962
972
982
992
1002
1012
1022
1032
1042
1052
1062
1072
1082
1092
1102
1112
1122
1132
1142
1152
1162
1172
1182
1192
1202
1212
1222
1232
1242
1252
1262
1272
1282
1292
1302
1312
1322
1332
1342
1352
1362
1372
1382
1392
1402
1412
1422
1432
1442
1452
1462
1472
1482
1492
1502
1512
1522
1532
1542
1552
1562
1572
1582
1592
1602
1612
1622
1632
1642
1652
1662
1672
1682
1692
1702
1712
1722
1732
1742
1752
1762
1772
1782
1792
1802
1812
1822
1832
1842
1852
1862
1871
1878
1885
1891
1901
1911
1921
1931
1941
1951
1961
1971
1981
1991
2001
2011
2021
2031
2041
2051
2061
2071
2081
2091
2101
2111
2121
2131
2141
2151
2161
2171
2181
2191
2201
2211
2221
2231
2241
2251
2261
2271
2281
2291
2301
2311
2321
2331
2341
2351
2361
2371
2381
2391
2401
2411
2421
2431
2441
2451
2461
2471
2481
2491
2501
2511
2521
2531
2541
2551
2561
2571
2581
2591
2601
2611
2621
2631
2641
2651
2661
2671
2681
2691
2701
2711
2721
2731
2741
2751
2761
2771
2781
2791
2801
2811
2821
2831
2841
2851
2860
2867
2874
2880
2890
2900
2910
2920
2930
2940
2950
2960
2970
2980
2990
3000
3010
3020
3030
3040
3050
3060
3070
3080
3090
3100
3110
3120
3130
3140
3150
3160
3170
3180
3190
3200
3210
3220
3230
3240
3250
3260
3270
3280
3290
3300
3310
3320
3330
3340
3350
3360
3370
3380
3390
3400
3410
3420
3430
3440
3450
3460
3470
3480
3490
3500
3510
3520
3530
3540
3550
3560
3570
3580
3590
3600
3610
3620
3630
3640
3650
3660
3670
3680
3690
3700
3710
3720
3730
3740
3750
3760
3770
3780
3790
3800
3810
3820
3830
3840
3849
3856
3863
3869
3879
3889
3899
3909
3919
3929
3939
3949
3959
3969
3979
3989
3999
4009
4019
4029
4039
4049
4059
4069
4079
4089
4099
4109
4119
4129
4139
4149
4159
4169
4179
4189
4199
4209
4219
4229
4239
4249
4259
4269
4279
4289
4299
4309
4319
4329
4339
4349
4359
4369
4379
4389
4399
4409
4419
4429
4439
4449
4459
4469
4479
4489
4499
4509
4519
4529
4539
4549
4559
4569
4579
4589
4599
4609
4619
4629
4639
4649
4659
4669
4679
4689
4699
4709
4719
4729
4739
4749
4759
4769
4779
4789
4799
4809
4819
4829
4838
4845
4852
4858
4868
4878
4888
4898
4908
4918
4928
4938
4948
4958
4968
4978
4988
4998
5008
5018
5028
5038
5048
5058
5068
5078
5088
5098
5108
5118
5128
5138
5148
5158
5168
5178
5188
5198
5208
5218
5228
5238
5248
5258
5268
5278
5288
5298
5308
5318
5328
5338
5348
5358
5368
5378
5388
5398
5408
5418
5428
5438
5448
5458
5468
5478
5488
5498
5508
5518
5528
5538
5548
5558
5568
5578
5588
5598
5608
5618
5628
5638
5648
5658
5668
5678
5688
5698
5708
5718
5728
5738
5748
5758
5768
5778
5788
5798
5808
5818
5827
5834
5841
5847
5857
5867
5877
5887
5897
5907
5917
5927
5937
5947
5957
5967
5977
5987
5997
6007
6017
6027
6037
6047
6057
6067
6077
6087
6097
6107
6117
6127
6137
6147
6157
6167
6177
6187
6197
6207
6217
6227
6237
6247
6257
6267
6277
6287
6297
6307
6317
6327
6337
6347
6357
6367
6377
6387
6397
6407
6417
6427
6437
6447
6457
6467
6477
6487
6497
6507
6517
6527
6537
6547
6557
6567
6577
6587
6597
6607
6617
6627
6637
6647
6657
6667
6677
6687
6697
6707
6717
6727
6737
6747
6757
6767
6777
6787
6797
6807
6816
6823
6830
6836
6846
6856
6866
6876
6886
6896
6906
6916
6926
6936
6946
6956
6966
6976
6986
6996
7006
7016
7026
7036
7046
7056
7066
7076
7086
7096
7106
7116
7126
7136
7146
7156
7166
7176
7186
7196
7206
7216
7226
7236
7246
7256
7266
7276
7286
7296
7306
7316
7326
7336
7346
7356
7366
7376
7386
7396
7406
7416
7426
7436
7446
7456
7466
7476
7486
7496
7506
7516
7526
7536
7546
7556
7566
7576
7586
7596
7606
7616
7626
7636
7646
7656
7666
7676
7686
7696
7706
7716
7726
7736
7746
7756
7766
7776
7786
7796
7805
7812
7819
7825
7835
7845
7855
7865
7875
7885
7895
7905
7915
7925
7935
7945
7955
7965
7975
7985
7995
8005
8015
8025
8035
8045
8055
8065
8075
8085
8095
8105
8115
8125
8135
8145
8155
8165
8175
8185
8195
8205
8215
8225
8235
8245
8255
8265
8275
8285
8295
8305
8315
8325
8335
8345
8355
8365
8375
8385
8395
8405
8415
8425
8435
8445
8455
8465
8475
8485
8495
8505
8515
8525
8535
8545
8555
8565
8575
8585
8595
8605
8615
8625
8635
8645
8655
8665
8675
8685
8695
8705
8715
8725
8735
8745
8755
8765
8775
8785
8794
8801
8808
8814
8824
8834
8844
8854
8864
8874
8884
8894
8904
8914
8924
8934
8944
8954
8964
8974
8984
8994
9004
9014
9024
9034
9044
9054
9064
9074
9084
9094
9104
9114
9124
9134
9144
9154
9164
9174
9184
9194
9204
9214
9224
9234
9244
9254
9264
9274
9284
9294
9304
9314
9324
9334
9344
9354
9364
9374
9384
9394
9404
9414
9424
9434
9444
9454
9464
9474
9484
9494
9504
9514
9524
9534
9544
9554
9564
9574
9584
9594
9604
9614
9624
9634
9644
9654
9664
9674
9684
9694
9704
9714
9724
9734
9744
9754
9764
9774
9783
9790
9797
9803
9813
9823
9833
9843
9853
9863
9873
9883
9893
9903
9913
9923
9933
9943
9953
9963
9973
9983
9993
10003
10013
10023
10033
10043
10053
10063
10073
10083
10093
10103
10113
10123
10133
10143
10153
10163
10173
10183
10193
10203
10213
10223
10233
10243
10253
10263
10273
10283
10293
10303
10313
10323
10333
10343
10353
10363
10373
10383
10393
10403
10413
10423
10433
10443
10453
10463
10473
10483
10493
10503
10513
10523
10533
10543
10553
10563
10573
10583
10593
10603
10613
10623
10633
10643
10653
10663
10673
10683
10693
10703
10713
10723
10733
10743
10753
10763
10772
10779
10786
10792
10802
10812
10822
10832
10842
10852
10862
10872
10882
10892
10902
10912
10922
10932
10942
10952
10962
10972
10982
10992
11002
11012
11022
11032
11042
11052
11062
11072
11082
11092
11102
11112
11122
11132
11142
11152
11162
11172
11182
11192
11202
11212
11222
11232
11242
11252
11262
11272
11282
11292
11302
11312
11322
11332
11342
11352
11362
11372
11382
11392
11402
11412
11422
11432
11442
11452
11462
11472
11482
11492
11502
11512
11522
11532
11542
11552
11562
11572
11582
11592
11602
11612
11622
11632
11642
11652
11662
11672
11682
11692
11702
11712
11722
11732
11742
11752
11761
11768
11775
11781
11791
11801
11811
11821
11831
11841
11851
11861
11871
11881
11891
11901
11911
11921
11931
11941
11951
11961
11971
11981
11991
12001
12011
12021
12031
12041
12051
12061
12071
12081
12091
12101
12111
12121
12131
12141
12151
12161
12171
12181
12191
12201
12211
12221
12231
12241
12251
12261
12271
12281
12291
12301
12311
12321
12331
12341
12351
12361
12371
12381
12391
12401
12411
12421
12431
12441
12451
12461
12471
12481
12491
12501
12511
12521
12531
12541
12551
12561
12571
12581
12591
12601
12611
12621
12631
12641
12651
12661
12671
12681
12691
12701
12711
12721
12731
12741
12750
12757
12764
12770
12780
12790
12800
12810
12820
12830
12840
12850
12860
12870
12880
12890
12900
12910
12920
12930
12940
12950
12960
12970
12980
12990
13000
13010
13020
13030
13040
13050
13060
13070
13080
13090
13100
13110
13120
13130
13140
13150
13160
13170
13180
13190
13200
13210
13220
13230
13240
13250
13260
13270
13280
13290
13300
13310
13320
13330
13340
13350
13360
13370
13380
13390
13400
13410
13420
13430
13440
13450
13460
13470
13480
13490
13500
13510
13520
13530
13540
13550
13560
13570
13580
13590
13600
13610
13620
13630
13640
13650
13660
13670
13680
13690
13700
13710
13720
13730
13739
13746
13753
13759
13769
13779
13789
13799
13809
13819
13829
13839
13849
13859
13869
13879
13889
13899
13909
13919
13929
13939
13949
13959
13969
13979
13989
13999
14009
14019
14029
14039
14049
14059
14069
14079
14089
14099
14109
14119
14129
14139
14149
14159
14169
14179
14189
14199
14209
14219
14229
14239
14249
14259
14269
14279
14289
14299
14309
14319
14329
14339
14349
14359
14369
14379
14389
14399
14409
14419
14429
14439
14449
14459
14469
14479
14489
14499
14509
14519
14529
14539
14549
14559
14569
14579
14589
14599
14609
14619
14629
14639
14649
14659
14669
14679
14689
14699
14709
14719
14728
14735
14742
14748
14758
14768
14778
14788
14798
14808
14818
14828
14838
14848
14858
14868
14878
14888
14898
14908
14918
14928
14938
14948
14958
14968
14978
14988
14998
15008
15018
15028
15038
15048
15058
15068
15078
15088
15098
15108
15118
15128
15138
15148
15158
15168
15178
15188
15198
15208
15218
15228
15238
15248
15258
15268
15278
15288
15298
15308
15318
15328
15338
15348
15358
15368
15378
15388
15398
15408
15418
15428
15438
15448
15458
15468
15478
15488
15498
15508
15518
15528
15538
15548
15558
15568
15578
15588
15598
15608
15618
15628
15638
15648
15658
15668
15678
15688
15698
15708
15717
15724
15731
15737
15747
15757
15767
15777
15787
15797
15807
15817
15827
15837
15847
15857
15867
15877
15887
15897
15907
15917
15927
15937
15947
15957
15967
15977
15987
15997
16007
16017
16027
16037
16047
16057
16067
16077
16087
16097
16107
16117
16127
16137
16147
16157
16167
16177
16187
16197
16207
16217
16227
16237
16247
16257
16267
16277
16287
16297
16307
16317
16327
16337
16347
16357
16367
16377
16387
16397
16407
16417
16427
16437
16447
16457
16467
16477
16487
16497
16507
16517
16527
16537
16547
16557
16567
16577
16587
16597
16607
16617
16627
16637
16647
16657
16667
16677
16687
16697
16706
16713
16720
16726
16736
16746
16756
16766
16776
16786
16796
16806
16816
16826
16836
16846
16856
16866
16876
16886
16896
16906
16916
16926
16936
16946
16956
16966
16976
16986
16996
17006
17016
17026
17036
17046
17056
17066
17076
17086
17096
17106
17116
17126
17136
17146
17156
17166
17176
17186
17196
17206
17216
17226
17236
17246
17256
17266
17276
17286
17296
17306
17316
17326
17336
17346
17356
17366
17376
17386
17396
17406
17416
17426
17436
17446
17456
17466
17476
17486
17496
17506
17516
17526
17536
17546
17556
17566
17576
17586
17596
17606
17616
17626
17636
17646
17656
17666
17676
17686
17695
17702
17709
17715
17725
17735
17745
17755
17765
17775
17785
17795
17805
17815
17825
17835
17845
17855
17865
17875
17885
17895
17905
17915
17925
17935
17945
17955
17965
17975
17985
17995
18005
18015
18025
18035
18045
18055
18065
18075
18085
18095
18105
18115
18125
18135
18145
18155
18165
18175
18185
18195
18205
18215
18225
18235
18245
18255
18265
18275
18285
18295
18305
18315
18325
18335
18345
18355
18365
18375
18385
18395
18405
18415
18425
18435
18445
18455
18465
18475
18485
18495
18505
18515
18525
18535
18545
18555
18565
18575
18585
18595
18605
18615
18625
18635
18645
18655
18665
18675
18684
18691
18698
18704
18714
18724
18734
18744
18754
18764
18774
18784
18794
18804
18814
18824
18834
18844
18854
18864
18874
18884
18894
18904
18914
18924
18934
18944
18954
18964
18974
18984
18994
19004
19014
19024
19034
19044
19054
19064
19074
19084
19094
19104
19114
19124
19134
19144
19154
19164
19174
19184
19194
19204
19214
19224
19234
19244
19254
19264
19274
19284
19294
19304
19314
19324
19334
19344
19354
19364
19374
19384
19394
19404
19414
19424
19434
19444
19454
19464
19474
19484
19494
19504
19514
19524
19534
19544
19554
19564
19574
19584
19594
19604
19614
19624
19634
19644
19654
19664
19673
19680
19687
19693
19703
19713
19723
19733
19743
19753
19763
19773
19783
19793
19803
19813
19823
19833
19843
19853
19863
19873
19883
19893
19903
19913
19923
19933
19943
19953
19963
19973
19983
19993
20003
20013
20023
20033
20043
20053
20063
20073
20083
20093
20103
20113
20123
20133
20143
20153
20163
20173
20183
20193
20203
20213
20223
20233
20243
20253
20263
20273
20283
20293
20303
20313
20323
20333
20343
20353
20363
20373
20383
20393
20403
20413
20423
20433
20443
20453
20463
20473
20483
20493
20503
20513
20523
20533
20543
20553
20563
20573
20583
20593
20603
20613
20623
20633
20643
20653
20662
20669
20676
20682
20692
20702
20712
20722
20732
20742
20752
20762
20772
20782
20792
20802
20812
20822
20832
20842
20852
20862
20872
20882
20892
20902
20912
20922
20932
20942
20952
20962
20972
20982
20992
21002
21012
21022
21032
21042
21052
21062
21072
21082
21092
21102
21112
21122
21132
21142
21152
21162
21172
21182
21192
21202
21212
21222
21232
21242
21252
21262
21272
21282
21292
21302
21312
21322
21332
21342
21352
21362
21372
21382
21392
21402
21412
21422
21432
21442
21452
21462
21472
21482
21492
21502
21512
21522
21532
21542
21552
21562
21572
21582
21592
21602
21612
21622
21632
21642
21651
21658
21665
21671
21681
21691
21701
21711
21721
21731
21741
21751
21761
21771
21781
21791
21801
21811
21821
21831
21841
21851
21861
21871
21881
21891
21901
21911
21921
21931
21941
21951
21961
21971
21981
21991
22001
22011
22021
22031
22041
22051
22061
22071
22081
22091
22101
22111
22121
22131
22141
22151
22161
22171
22181
22191
22201
22211
22221
22231
22241
22251
22261
22271
22281
22291
22301
22311
22321
22331
22341
22351
22361
22371
22381
22391
22401
22411
22421
22431
22441
22451
22461
22471
22481
22491
22501
22511
22521
22531
22541
22551
22561
22571
22581
22591
22601
22611
22621
22631
22640
22647
22654
22660
22670
22680
22690
22700
22710
22720
22730
22740
22750
22760
22770
22780
22790
22800
22810
22820
22830
22840
22850
22860
22870
22880
22890
22900
22910
22920
22930
22940
22950
22960
22970
22980
22990
23000
23010
23020
23030
23040
23050
23060
23070
23080
23090
23100
23110
23120
23130
23140
23150
23160
23170
23180
23190
23200
23210
23220
23230
23240
23250
23260
23270
23280
23290
23300
23310
23320
23330
23340
23350
23360
23370
23380
23390
23400
23410
23420
23430
23440
23450
23460
23470
23480
23490
23500
23510
23520
23530
23540
23550
23560
23570
23580
23590
23600
23610
23620
23629
23636
23643
23649
23659
23669
23679
23689
23699
23709
23719
23729
23739
23749
23759
23769
23779
23789
23799
23809
23819
23829
23839
23849
23859
23869
23879
23889
23899
23909
23919
23929
23939
23949
23959
23969
23979
23989
23999
24009
24019
24029
24039
24049
24059
24069
24079
24089
24099
24109
24119
24129
24139
24149
24159
24169
24179
24189
24199
24209
24219
24229
24239
24249
24259
24269
24279
24289
24299
24309
24319
24329
24339
24349
24359
24369
24379
24389
24399
24409
24419
24429
24439
24449
24459
24469
24479
24489
24499
24509
24519
24529
24539
24549
24559
24569
24579
24589
24599
24609
24618
24625
24632
24638
24648
24658
24668
24678
24688
24698
24708
24718
24728
24738
24748
24758
24768
24778
24788
24798
24808
24818
24828
24838
24848
24858
24868
24878
24888
24898
24908
24918
24928
24938
24948
24958
24968
24978
24988
24998
25008
25018
25028
25038
25048
25058
25068
25078
25088
25098
25108
25118
25128
25138
25148
25158
25168
25178
25188
25198
25208
25218
25228
25238
25248
25258
25268
25278
25288
25298
25308
25318
25328
25338
25348
25358
25368
25378
25388
25398
25408
25418
25428
25438
25448
25458
25468
25478
25488
25498
25508
25518
25528
25538
25548
25558
25568
25578
25588
25598
25607
25614
25621
25627
25637
25647
25657
25667
25677
25687
25697
25707
25717
25727
25737
25747
25757
25767
25777
25787
25797
25807
25817
25827
25837
25847
25857
25867
25877
25887
25897
25907
25917
25927
25937
25947
25957
25967
25977
25987
25997
26007
26017
26027
26037
26047
26057
26067
26077
26087
26097
26107
26117
26127
26137
26147
26157
26167
26177
26187
26197
26207
26217
26227
26237
26247
26257
26267
26277
26287
26297
26307
26317
26327
26337
26347
26357
26367
26377
26387
26397
26407
26417
26427
26437
26447
26457
26467
26477
26487
26497
26507
26517
26527
26537
26547
26557
26567
26577
26587
26596
26603
26610
26616
26626
26636
26646
26656
26666
26676
26686
26696
26706
26716
26726
26736
26746
26756
26766
26776
26786
26796
26806
26816
26826
26836
26846
26856
26866
26876
26886
26896
26906
26916
26926
26936
26946
26956
26966
26976
26986
26996
27006
27016
27026
27036
27046
27056
27066
27076
27086
27096
27106
27116
27126
27136
27146
27156
27166
27176
27186
27196
27206
27216
27226
27236
27246
27256
27266
27276
27286
27296
27306
27316
27326
27336
27346
27356
27366
27376
27386
27396
27406
27416
27426
27436
27446
27456
27466
27476
27486
27496
27506
27516
27526
27536
27546
27556
27566
27576
27585
27592
27599
27605
27615
27625
27635
27645
27655
27665
27675
27685
27695
27705
27715
27725
27735
27745
27755
27765
27775
27785
27795
27805
27815
27825
27835
27845
27855
27865
27875
27885
27895
27905
27915
27925
27935
27945
27955
27965
27975
27985
27995
28005
28015
28025
28035
28045
28055
28065
28075
28085
28095
28105
28115
28125
28135
28145
28155
28165
28175
28185
28195
28205
28215
28225
28235
28245
28255
28265
28275
28285
28295
28305
28315
28325
28335
28345
28355
28365
28375
28385
28395
28405
28415
28425
28435
28445
28455
28465
28475
28485
28495
28505
28515
28525
28535
28545
28555
28565
28574
28581
28588
28594
28604
28614
28624
28634
28644
28654
28664
28674
28684
28694
28704
28714
28724
28734
28744
28754
28764
28774
28784
28794
28804
28814
28824
28834
28844
28854
28864
28874
28884
28894
28904
28914
28924
28934
28944
28954
28964
28974
28984
28994
29004
29014
29024
29034
29044
29054
29064
29074
29084
29094
29104
29114
29124
29134
29144
29154
29164
29174
29184
29194
29204
29214
29224
29234
29244
29254
29264
29274
29284
29294
29304
29314
29324
29334
29344
29354
29364
29374
29384
29394
29404
29414
29424
29434
29444
29454
29464
29474
29484
29494
29504
29514
29524
29534
29544
29554
29563
29570
29577
29583
29593
29603
29613
29623
29633
29643
29653
29663
29673
29683
29693
29703
29713
29723
29733
29743
29753
29763
29773
29783
29793
29803
29813
29823
29833
29843
29853
29863
29873
29883
29893
29903
29913
29923
29933
29943
29953
29963
29973
29983
29993
30003
30013
30023
30033
30043
30053
30063
30073
30083
30093
30103
30113
30123
30133
30143
30153
30163
30173
30183
30193
30203
30213
30223
30233
30243
30253
30263
30273
30283
30293
30303
30313
30323
30333
30343
30353
30363
30373
30383
30393
30403
30413
30423
30433
30443
30453
30463
30473
30483
30493
30503
30513
30523
30533
30543
30552
30559
30566
30572
30582
30592
30602
30612
30622
30632
30642
30652
30662
30672
30682
30692
30702
30712
30722
30732
30742
30752
30762
30772
30782
30792
30802
30812
30822
30832
30842
30852
30862
30872
30882
30892
30902
30912
30922
30932
30942
30952
30962
30972
30982
30992
31002
31012
31022
31032
31042
31052
31062
31072
31082
31092
31102
31112
31122
31132
31142
31152
31162
31172
31182
31192
31202
31212
31222
31232
31242
31252
31262
31272
31282
31292
31302
31312
31322
31332
31342
31352
31362
31372
31382
31392
31402
31412
31422
31432
31442
31452
31462
31472
31482
31492
31502
31512
31522
31532
31541
31548
31555
31561
31571
31581
31591
31601
31611
31621
31631
31641
31651
31661
31671
31681
31691
31701
31711
31721
31731
31741
31751
31761
31771
31781
31791
31801
31811
31821
31831
31841
31851
31861
31871
31881
31891
31901
31911
31921
31931
31941
31951
31961
31971
31981
31991
32001
32011
32021
32031
32041
32051
32061
32071
32081
32091
32101
32111
32121
32131
32141
32151
32161
32171
32181
32191
32201
32211
32221
32231
32241
32251
32261
32271
32281
32291
32301
32311
32321
32331
32341
32351
32361
32371
32381
32391
32401
32411
32421
32431
32441
32451
32461
32471
32481
32491
32501
32511
32521
32530
32537
32544
32550
32560
32570
32580
32590
32600
32610
32620
32630
32640
32650
32660
32670
32680
32690
32700
32710
32720
32730
32740
32750
32760
32770
32780
32790
32800
32810
32820
32830
32840
32850
32860
32870
32880
32890
32900
32910
32920
32930
32940
32950
32960
32970
32980
32990
33000
33010
33020
33030
33040
33050
33060
33070
33080
33090
33100
33110
33120
33130
33140
33150
33160
33170
33180
33190
33200
33210
33220
33230
33240
33250
33260
33270
33280
33290
33300
33310
33320
33330
33340
33350
33360
33370
33380
33390
33400
33410
33420
33430
33440
33450
33460
33470
33480
33490
33500
33510
33519
33526
33533
33539
33549
33559
33569
33579
33589
33599
33609
33619
33629
33639
33649
33659
33669
33679
33689
33699
33709
33719
33729
33739
33749
33759
33769
33779
33789
33799
33809
33819
33829
33839
33849
33859
33869
33879
33889
33899
33909
33919
33929
33939
33949
33959
33969
33979
33989
33999
34009
34019
34029
34039
34049
34059
34069
34079
34089
34099
34109
34119
34129
34139
34149
34159
34169
34179
34189
34199
34209
34219
34229
34239
34249
34259
34269
34279
34289
34299
34309
34319
34329
34339
34349
34359
34369
34379
34389
34399
34409
34419
34429
34439
34449
34459
34469
34479
34489
34499
34508
34515
34522
34528
34538
34548
34558
34568
34578
34588
34598
34608
34618
34628
34638
34648
34658
34668
34678
34688
34698
34708
34718
34728
34738
34748
34758
34768
34778
34788
34798
34808
34818
34828
34838
34848
34858
34868
34878
34888
34898
34908
34918
34928
34938
34948
34958
34968
34978
34988
34998
35008
35018
35028
35038
35048
35058
35068
35078
35088
35098
35108
35118
35128
35138
35148
35158
35168
35178
35188
35198
35208
35218
35228
35238
35248
35258
35268
35278
35288
35298
35308
35318
35328
35338
35348
35358
35368
35378
35388
35398
35408
35418
35428
35438
35448
35458
35468
35478
35488
35497
35504
35511
35517
35527
35537
35547
35557
35567
35577
35587
35597
35607
35617
35627
35637
35647
35657
35667
35677
35687
35697
35707
35717
35727
35737
35747
35757
35767
35777
35787
35797
35807
35817
35827
35837
35847
35857
35867
35877
35887
35897
35907
35917
35927
35937
35947
35957
35967
35977
35987
35997
36007
36017
36027
36037
36047
36057
36067
36077
36087
36097
36107
36117
36127
36137
36147
36157
36167
36177
36187
36197
36207
36217
36227
36237
36247
36257
36267
36277
36287
36297
36307
36317
36327
36337
36347
36357
36367
36377
36387
36397
36407
36417
36427
36437
36447
36457
36467
36477
36486
36493
36500
36506
36516
36526
36536
36546
36556
36566
36576
36586
36596
36606
36616
36626
36636
36646
36656
36666
36676
36686
36696
36706
36716
36726
36736
36746
36756
36766
36776
36786
36796
36806
36816
36826
36836
36846
36856
36866
36876
36886
36896
36906
36916
36926
36936
36946
36956
36966
36976
36986
36996
37006
37016
37026
37036
37046
37056
37066
37076
37086
37096
37106
37116
37126
37136
37146
37156
37166
37176
37186
37196
37206
37216
37226
37236
37246
37256
37266
37276
37286
37296
37306
37316
37326
37336
37346
37356
37366
37376
37386
37396
37406
37416
37426
37436
37446
37456
37466
37475
37482
37489
37495
37505
37515
37525
37535
37545
37555
37565
37575
37585
37595
37605
37615
37625
37635
37645
37655
37665
37675
37685
37695
37705
37715
37725
37735
37745
37755
37765
37775
37785
37795
37805
37815
37825
37835
37845
37855
37865
37875
37885
37895
37905
37915
37925
37935
37945
37955
37965
37975
37985
37995
38005
38015
38025
38035
38045
38055
38065
38075
38085
38095
38105
38115
38125
38135
38145
38155
38165
38175
38185
38195
38205
38215
38225
38235
38245
38255
38265
38275
38285
38295
38305
38315
38325
38335
38345
38355
38365
38375
38385
38395
38405
38415
38425
38435
38445
38455
38464
38471
38478
38484
38494
38504
38514
38524
38534
38544
38554
38564
38574
38584
38594
38604
38614
38624
38634
38644
38654
38664
38674
38684
38694
38704
38714
38724
38734
38744
38754
38764
38774
38784
38794
38804
38814
38824
38834
38844
38854
38864
38874
38884
38894
38904
38914
38924
38934
38944
38954
38964
38974
38984
38994
39004
39014
39024
39034
39044
39054
39064
39074
39084
39094
39104
39114
39124
39134
39144
39154
39164
39174
39184
39194
39204
39214
39224
39234
39244
39254
39264
39274
39284
39294
39304
39314
39324
39334
39344
39354
39364
39374
39384
39394
39404
39414
39424
39434
39444
39453
39460
39467
39473
39483
39493
39503
39513
39523
39533
39543
39553
39563
39573
39583
39593
39603
39613
39623
39633
39643
39653
39663
39673
39683
39693
39703
39713
39723
39733
39743
39753
39763
39773
39783
39793
39803
39813
39823
39833
39843
39853
39863
39873
39883
39893
39903
39913
39923
39933
39943
39953
39963
39973
39983
39993
40003
40013
40023
40033
40043
40053
40063
40073
40083
40093
40103
40113
40123
40133
40143
40153
40163
40173
40183
40193
40203
40213
40223
40233
40243
40253
40263
40273
40283
40293
40303
40313
40323
40333
40343
40353
40363
40373
40383
40393
40403
40413
40423
40433
40442
40449
40456
40462
40472
40482
40492
40502
40512
40522
40532
40542
40552
40562
40572
40582
40592
40602
40612
40622
40632
40642
40652
40662
40672
40682
40692
40702
40712
40722
40732
40742
40752
40762
40772
40782
40792
40802
40812
40822
40832
40842
40852
40862
40872
40882
40892
40902
40912
40922
40932
40942
40952
40962
40972
40982
40992
41002
41012
41022
41032
41042
41052
41062
41072
41082
41092
41102
41112
41122
41132
41142
41152
41162
41172
41182
41192
41202
41212
41222
41232
41242
41252
41262
41272
41282
41292
41302
41312
41322
41332
41342
41352
41362
41372
41382
41392
41402
41412
41422
41431
41438
41445
41451
41461
41471
41481
41491
41501
41511
41521
41531
41541
41551
41561
41571
41581
41591
41601
41611
41621
41631
41641
41651
41661
41671
41681
41691
41701
41711
41721
41731
41741
41751
41761
41771
41781
41791
41801
41811
41821
41831
41841
41851
41861
41871
41881
41891
41901
41911
41921
41931
41941
41951
41961
41971
41981
41991
42001
42011
42021
42031
42041
42051
42061
42071
42081
42091
42101
42111
42121
42131
42141
42151
42161
42171
42181
42191
42201
42211
42221
42231
42241
42251
42261
42271
42281
42291
42301
42311
42321
42331
42341
42351
42361
42371
42381
42391
42401
42411
42420
42427
42434
42440
42450
42460
42470
42480
42490
42500
42510
42520
42530
42540
42550
42560
42570
42580
42590
42600
42610
42620
42630
42640
42650
42660
42670
42680
42690
42700
42710
42720
42730
42740
42750
42760
42770
42780
42790
42800
42810
42820
42830
42840
42850
42860
42870
42880
42890
42900
42910
42920
42930
42940
42950
42960
42970
42980
42990
43000
43010
43020
43030
43040
43050
43060
43070
43080
43090
43100
43110
43120
43130
43140
43150
43160
43170
43180
43190
43200
43210
43220
43230
43240
43250
43260
43270
43280
43290
43300
43310
43320
43330
43340
43350
43360
43370
43380
43390
43400
43409
43416
43423
43429
43439
43449
43459
43469
43479
43489
43499
43509
43519
43529
43539
43549
43559
43569
43579
43589
43599
43609
43619
43629
43639
43649
43659
43669
43679
43689
43699
43709
43719
43729
43739
43749
43759
43769
43779
43789
43799
43809
43819
43829
43839
43849
43859
43869
43879
43889
43899
43909
43919
43929
43939
43949
43959
43969
43979
43989
43999
44009
44019
44029
44039
44049
44059
44069
44079
44089
44099
44109
44119
44129
44139
44149
44159
44169
44179
44189
44199
44209
44219
44229
44239
44249
44259
44269
44279
44289
44299
44309
44319
44329
44339
44349
44359
44369
44379
44389
44398
44405
44412
44418
44428
44438
44448
44458
44468
44478
44488
44498
44508
44518
44528
44538
44548
44558
44568
44578
44588
44598
44608
44618
44628
44638
44648
44658
44668
44678
44688
44698
44708
44718
44728
44738
44748
44758
44768
44778
44788
44798
44808
44818
44828
44838
44848
44858
44868
44878
44888
44898
44908
44918
44928
44938
44948
44958
44968
44978
44988
44998
45008
45018
45028
45038
45048
45058
45068
45078
45088
45098
45108
45118
45128
45138
45148
45158
45168
45178
45188
45198
45208
45218
45228
45238
45248
45258
45268
45278
45288
45298
45308
45318
45328
45338
45348
45358
45368
45378
45387
45394
45401
45407
45417
45427
45437
45447
45457
45467
45477
45487
45497
45507
45517
45527
45537
45547
45557
45567
45577
45587
45597
45607
45617
45627
45637
45647
45657
45667
45677
45687
45697
45707
45717
45727
45737
45747
45757
45767
45777
45787
45797
45807
45817
45827
45837
45847
45857
45867
45877
45887
45897
45907
45917
45927
45937
45947
45957
45967
45977
45987
45997
46007
46017
46027
46037
46047
46057
46067
46077
46087
46097
46107
46117
46127
46137
46147
46157
46167
46177
46187
46197
46207
46217
46227
46237
46247
46257
46267
46277
46287
46297
46307
46317
46327
46337
46347
46357
46367
46376
46383
46390
46396
46406
46416
46426
46436
46446
46456
46466
46476
46486
46496
46506
46516
46526
46536
46546
46556
46566
46576
46586
46596
46606
46616
46626
46636
46646
46656
46666
46676
46686
46696
46706
46716
46726
46736
46746
46756
46766
46776
46786
46796
46806
46816
46826
46836
46846
46856
46866
46876
46886
46896
46906
46916
46926
46936
46946
46956
46966
46976
46986
46996
47006
47016
47026
47036
47046
47056
47066
47076
47086
47096
47106
47116
47126
47136
47146
47156
47166
47176
47186
47196
47206
47216
47226
47236
47246
47256
47266
47276
47286
47296
47306
47316
47326
47336
47346
47356
47365
47372
47379
47385
47395
47405
47415
47425
47435
47445
47455
47465
47475
47485
47495
47505
47515
47525
47535
47545
47555
47565
47575
47585
47595
47605
47615
47625
47635
47645
47655
47665
47675
47685
47695
47705
47715
47725
47735
47745
47755
47765
47775
47785
47795
47805
47815
47825
47835
47845
47855
47865
47875
47885
47895
47905
47915
47925
47935
47945
47955
47965
47975
47985
47995
48005
48015
48025
48035
48045
48055
48065
48075
48085
48095
48105
48115
48125
48135
48145
48155
48165
48175
48185
48195
48205
48215
48225
48235
48245
48255
48265
48275
48285
48295
48305
48315
48325
48335
48345
48354
48361
48368
48374
48384
48394
48404
48414
48424
48434
48444
48454
48464
48474
48484
48494
48504
48514
48524
48534
48544
48554
48564
48574
48584
48594
48604
48614
48624
48634
48644
48654
48664
48674
48684
48694
48704
48714
48724
48734
48744
48754
48764
48774
48784
48794
48804
48814
48824
48834
48844
48854
48864
48874
48884
48894
48904
48914
48924
48934
48944
48954
48964
48974
48984
48994
49004
49014
49024
49034
49044
49054
49064
49074
49084
49094
49104
49114
49124
49134
49144
49154
49164
49174
49184
49194
49204
49214
49224
49234
49244
49254
49264
49274
49284
49294
49304
49314
49324
49334
49343
49350
49357
49363
49373
49383
49393
49403
49413
49423
49433
49443
49453
49463
49473
49483
49493
49503
49513
49523
49533
49543
49553
49563
49573
49583
49593
49603
49613
49623
49633
49643
49653
49663
49673
49683
49693
49703
49713
49723
49733
49743
49753
49763
49773
49783
49793
49803
49813
49823
49833
49843
49853
49863
49873
49883
49893
49903
49913
49923
49933
49943
49953
49963
49973
49983
49993
50003
50013
50023
50033
50043
50053
50063
50073
50083
50093
50103
50113
50123
50133
50143
50153
50163
50173
50183
50193
50203
50213
50223
50233
50243
50253
50263
50273
50283
50293
50303
50313
50323
50332
50339
50346
50352
50362
50372
50382
50392
50402
50412
50422
50432
50442
50452
50462
50472
50482
50492
50502
50512
50522
50532
50542
50552
50562
50572
50582
50592
50602
50612
50622
50632
50642
50652
50662
50672
50682
50692
50702
50712
50722
50732
50742
50752
50762
50772
50782
50792
50802
50812
50822
50832
50842
50852
50862
50872
50882
50892
50902
50912
50922
50932
50942
50952
50962
50972
50982
50992
51002
51012
51022
51032
51042
51052
51062
51072
51082
51092
51102
51112
51122
51132
51142
51152
51162
51172
51182
51192
51202
51212
51222
51232
51242
51252
51262
51272
51282
51292
51302
51312
51321
51328
51335
51341
51351
51361
51371
51381
51391
51401
51411
51421
51431
51441
51451
51461
51471
51481
51491
51501
51511
51521
51531
51541
51551
51561
51571
51581
51591
51601
51611
51621
51631
51641
51651
51661
51671
51681
51691
51701
51711
51721
51731
51741
51751
51761
51771
51781
51791
51801
51811
51821
51831
51841
51851
51861
51871
51881
51891
51901
51911
51921
51931
51941
51951
51961
51971
51981
51991
52001
52011
52021
52031
52041
52051
52061
52071
52081
52091
52101
52111
52121
52131
52141
52151
52161
52171
52181
52191
52201
52211
52221
52231
52241
52251
52261
52271
52281
52291
52301
52310
52317
52324
52330
52340
52350
52360
52370
52380
52390
52400
52410
52420
52430
52440
52450
52460
52470
52480
52490
52500
52510
52520
52530
52540
52550
52560
52570
52580
52590
52600
52610
52620
52630
52640
52650
52660
52670
52680
52690
52700
52710
52720
52730
52740
52750
52760
52770
52780
52790
52800
52810
52820
52830
52840
52850
52860
52870
52880
52890
52900
52910
52920
52930
52940
52950
52960
52970
52980
52990
53000
53010
53020
53030
53040
53050
53060
53070
53080
53090
53100
53110
53120
53130
53140
53150
53160
53170
53180
53190
53200
53210
53220
53230
53240
53250
53260
53270
53280
53290
53299
53306
53313
53319
53329
53339
53349
53359
53369
53379
53389
53399
53409
53419
53429
53439
53449
53459
53469
53479
53489
53499
53509
53519
53529
53539
53549
53559
53569
53579
53589
53599
53609
53619
53629
53639
53649
53659
53669
53679
53689
53699
53709
53719
53729
53739
53749
53759
53769
53779
53789
53799
53809
53819
53829
53839
53849
53859
53869
53879
53889
53899
53909
53919
53929
53939
53949
53959
53969
53979
53989
53999
54009
54019
54029
54039
54049
54059
54069
54079
54089
54099
54109
54119
54129
54139
54149
54159
54169
54179
54189
54199
54209
54219
54229
54239
54249
54259
54269
54279
54288
54295
54302
54308
54318
54328
54338
54348
54358
54368
54378
54388
54398
54408
54418
54428
54438
54448
54458
54468
54478
54488
54498
54508
54518
54528
54538
54548
54558
54568
54578
54588
54598
54608
54618
54628
54638
54648
54658
54668
54678
54688
54698
54708
54718
54728
54738
54748
54758
54768
54778
54788
54798
54808
54818
54828
54838
54848
54858
54868
54878
54888
54898
54908
54918
54928
54938
54948
54958
54968
54978
54988
54998
55008
55018
55028
55038
55048
55058
55068
55078
55088
55098
55108
55118
55128
55138
55148
55158
55168
55178
55188
55198
55208
55218
55228
55238
55248
55258
55268
55277
55284
55291
55297
55307
55317
55327
55337
55347
55357
55367
55377
55387
55397
55407
55417
55427
55437
55447
55457
55467
55477
55487
55497
55507
55517
55527
55537
55547
55557
55567
55577
55587
55597
55607
55617
55627
55637
55647
55657
55667
55677
55687
55697
55707
55717
55727
55737
55747
55757
55767
55777
55787
55797
55807
55817
55827
55837
55847
55857
55867
55877
55887
55897
55907
55917
55927
55937
55947
55957
55967
55977
55987
55997
56007
56017
56027
56037
56047
56057
56067
56077
56087
56097
56107
56117
56127
56137
56147
56157
56167
56177
56187
56197
56207
56217
56227
56237
56247
56257
56266
56273
56280
56286
56296
56306
56316
56326
56336
56346
56356
56366
56376
56386
56396
56406
56416
56426
56436
56446
56456
56466
56476
56486
56496
56506
56516
56526
56536
56546
56556
56566
56576
56586
56596
56606
56616
56626
56636
56646
56656
56666
56676
56686
56696
56706
56716
56726
56736
56746
56756
56766
56776
56786
56796
56806
56816
56826
56836
56846
56856
56866
56876
56886
56896
56906
56916
56926
56936
56946
56956
56966
56976
56986
56996
57006
57016
57026
57036
57046
57056
57066
57076
57086
57096
57106
57116
57126
57136
57146
57156
57166
57176
57186
57196
57206
57216
57226
57236
57246
57255
57262
57269
57275
57285
57295
57305
57315
57325
57335
57345
57355
57365
57375
57385
57395
57405
57415
57425
57435
57445
57455
57465
57475
57485
57495
57505
57515
57525
57535
57545
57555
57565
57575
57585
57595
57605
57615
57625
57635
57645
57655
57665
57675
57685
57695
57705
57715
57725
57735
57745
57755
57765
57775
57785
57795
57805
57815
57825
57835
57845
57855
57865
57875
57885
57895
57905
57915
57925
57935
57945
57955
57965
57975
57985
57995
58005
58015
58025
58035
58045
58055
58065
58075
58085
58095
58105
58115
58125
58135
58145
58155
58165
58175
58185
58195
58205
58215
58225
58235
58244
58251
58258
58264
58274
58284
58294
58304
58314
58324
58334
58344
58354
58364
58374
58384
58394
58404
58414
58424
58434
58444
58454
58464
58474
58484
58494
58504
58514
58524
58534
58544
58554
58564
58574
58584
58594
58604
58614
58624
58634
58644
58654
58664
58674
58684
58694
58704
58714
58724
58734
58744
58754
58764
58774
58784
58794
58804
58814
58824
58834
58844
58854
58864
58874
58884
58894
58904
58914
58924
58934
58944
58954
58964
58974
58984
58994
59004
59014
59024
59034
59044
59054
59064
59074
59084
59094
59104
59114
59124
59134
59144
59154
59164
59174
59184
59194
59204
59214
59224
59233
59240
59247
59253
59263
59273
59283
59293
59303
59313
59323
59333
59343
59353
59363
59373
59383
59393
59403
59413
59423
59433
59443
59453
59463
59473
59483
59493
59503
59513
59523
59533
59543
59553
59563
59573
59583
59593
59603
59613
59623
59633
59643
59653
59663
59673
59683
59693
59703
59713
59723
59733
59743
59753
59763
59773
59783
59793
59803
59813
59823
59833
59843
59853
59863
59873
59883
59893
59903
59913
59923
59933
59943
59953
59963
59973
59983
59993
60003
60013
60023
60033
60043
60053
60063
60073
60083
60093
60103
60113
60123
60133
60143
60153
60163
60173
60183
60193
60203
60213
60222
60229
60236
60242
60252
60262
60272
60282
60292
60302
60312
60322
60332
60342
60352
60362
60372
60382
60392
60402
60412
60422
60432
60442
60452
60462
60472
60482
60492
60502
60512
60522
60532
60542
60552
60562
60572
60582
60592
60602
60612
60622
60632
60642
60652
60662
60672
60682
60692
60702
60712
60722
60732
60742
60752
60762
60772
60782
60792
60802
60812
60822
60832
60842
60852
60862
60872
60882
60892
60902
60912
60922
60932
60942
60952
60962
60972
60982
60992
61002
61012
61022
61032
61042
61052
61062
61072
61082
61092
61102
61112
61122
61132
61142
61152
61162
61172
61182
61192
61202
61211
61218
61225
61231
61241
61251
61261
61271
61281
61291
61301
61311
61321
61331
61341
61351
61361
61371
61381
61391
61401
61411
61421
61431
61441
61451
61461
61471
61481
61491
61501
61511
61521
61531
61541
61551
61561
61571
61581
61591
61601
61611
61621
61631
61641
61651
61661
61671
61681
61691
61701
61711
61721
61731
61741
61751
61761
61771
61781
61791
61801
61811
61821
61831
61841
61851
61861
61871
61881
61891
61901
61911
61921
61931
61941
61951
61961
61971
61981
61991
62001
62011
62021
62031
62041
62051
62061
62071
62081
62091
62101
62111
62121
62131
62141
62151
62161
62171
62181
62191
62200
62207
62214
62220
62230
62240
62250
62260
62270
62280
62290
62300
62310
62320
62330
62340
62350
62360
62370
62380
62390
62400
62410
62420
62430
62440
62450
62460
62470
62480
62490
62500
62510
62520
62530
62540
62550
62560
62570
62580
62590
62600
62610
62620
62630
62640
62650
62660
62670
62680
62690
62700
62710
62720
62730
62740
62750
62760
62770
62780
62790
62800
62810
62820
62830
62840
62850
62860
62870
62880
62890
62900
62910
62920
62930
62940
62950
62960
62970
62980
62990
63000
63010
63020
63030
63040
63050
63060
63070
63080
63090
63100
63110
63120
63130
63140
63150
63160
63170
63180
63189
63196
63203
63209
63219
63229
63239
63249
63259
63269
63279
63289
63299
63309
63319
63329
63339
63349
63359
63369
63379
63389
63399
63409
63419
63429
63439
63449
63459
63469
63479
63489
63499
63509
63519
63529
63539
63549
63559
63569
63579
63589
63599
63609
63619
63629
63639
63649
63659
63669
63679
63689
63699
63709
63719
63729
63739
63749
63759
63769
63779
63789
63799
63809
63819
63829
63839
63849
63859
63869
63879
63889
63899
63909
63919
63929
63939
63949
63959
63969
63979
63989
63999
64009
64019
64029
64039
64049
64059
64069
64079
64089
64099
64109
64119
64129
64139
64149
64159
64169
64178
64185
64192
64198
64208
64218
64228
64238
64248
64258
64268
64278
64288
64298
64308
64318
64328
64338
64348
64358
64368
64378
64388
64398
64408
64418
64428
64438
64448
64458
64468
64478
64488
64498
64508
64518
64528
64538
64548
64558
64568
64578
64588
64598
64608
64618
64628
64638
64648
64658
64668
64678
64688
64698
64708
64718
64728
64738
64748
64758
64768
64778
64788
64798
64808
64818
64828
64838
64848
64858
64868
64878
64888
64898
64908
64918
64928
64938
64948
64958
64968
64978
64988
64998
65008
65018
65028
65038
65048
65058
65068
65078
65088
65098
65108
65118
65128
65138
65148
65158
65167
65174
65181
65187
65197
65207
65217
65227
65237
65247
65257
65267
65277
65287
65297
65307
65317
65327
65337
65347
65357
65367
65377
65387
65397
65407
65417
65427
65437
65447
65457
65467
65477
65487
65497
65507
65517
65527
65537
65547
65557
65567
65577
65587
65597
65607
65617
65627
65637
65647
65657
65667
65677
65687
65697
65707
65717
65727
65737
65747
65757
65767
65777
65787
65797
65807
65817
65827
65837
65847
65857
65867
65877
65887
65897
65907
65917
65927
65937
65947
65957
65967
65977
65987
65997
66007
66017
66027
66037
66047
66057
66067
66077
66087
66097
66107
66117
66127
66137
66147
66156
66163
66170
66176
66186
66196
66206
66216
66226
66236
66246
66256
66266
66276
66286
66296
66306
66316
66326
66336
66346
66356
66366
66376
66386
66396
66406
66416
66426
66436
66446
66456
66466
66476
66486
66496
66506
66516
66526
66536
66546
66556
66566
66576
66586
66596
66606
66616
66626
66636
66646
66656
66666
66676
66686
66696
66706
66716
66726
66736
66746
66756
66766
66776
66786
66796
66806
66816
66826
66836
66846
66856
66866
66876
66886
66896
66906
66916
66926
66936
66946
66956
66966
66976
66986
66996
67006
67016
67026
67036
67046
67056
67066
67076
67086
67096
67106
67116
67126
67136
67145
67152
67159
67165
67175
67185
67195
67205
67215
67225
67235
67245
67255
67265
67275
67285
67295
67305
67315
67325
67335
67345
67355
67365
67375
67385
67395
67405
67415
67425
67435
67445
67455
67465
67475
67485
67495
67505
67515
67525
67535
67545
67555
67565
67575
67585
67595
67605
67615
67625
67635
67645
67655
67665
67675
67685
67695
67705
67715
67725
67735
67745
67755
67765
67775
67785
67795
67805
67815
67825
67835
67845
67855
67865
67875
67885
67895
67905
67915
67925
67935
67945
67955
67965
67975
67985
67995
68005
68015
68025
68035
68045
68055
68065
68075
68085
68095
68105
68115
68125
68134
68141
68148
68154
68164
68174
68184
68194
68204
68214
68224
68234
68244
68254
68264
68274
68284
68294
68304
68314
68324
68334
68344
68354
68364
68374
68384
68394
68404
68414
68424
68434
68444
68454
68464
68474
68484
68494
68504
68514
68524
68534
68544
68554
68564
68574
68584
68594
68604
68614
68624
68634
68644
68654
68664
68674
68684
68694
68704
68714
68724
68734
68744
68754
68764
68774
68784
68794
68804
68814
68824
68834
68844
68854
68864
68874
68884
68894
68904
68914
68924
68934
68944
68954
68964
68974
68984
68994
69004
69014
69024
69034
69044
69054
69064
69074
69084
69094
69104
69114
69123
69130
69137
69143
69153
69163
69173
69183
69193
69203
69213
69223
69233
69243
69253
69263
69273
69283
69293
69303
69313
69323
69333
69343
69353
69363
69373
69383
69393
69403
69413
69423
69433
69443
69453
69463
69473
69483
69493
69503
69513
69523
69533
69543
69553
69563
69573
69583
69593
69603
69613
69623
69633
69643
69653
69663
69673
69683
69693
69703
69713
69723
69733
69743
69753
69763
69773
69783
69793
69803
69813
69823
69833
69843
69853
69863
69873
69883
69893
69903
69913
69923
69933
69943
69953
69963
69973
69983
69993
70003
70013
70023
70033
70043
70053
70063
70073
70083
70093
70103
70112
70119
70126
70132
70142
70152
70162
70172
70182
70192
70202
70212
70222
70232
70242
70252
70262
70272
70282
70292
70302
70312
70322
70332
70342
70352
70362
70372
70382
70392
70402
70412
70422
70432
70442
70452
70462
70472
70482
70492
70502
70512
70522
70532
70542
70552
70562
70572
70582
70592
70602
70612
70622
70632
70642
70652
70662
70672
70682
70692
70702
70712
70722
70732
70742
70752
70762
70772
70782
70792
70802
70812
70822
70832
70842
70852
70862
70872
70882
70892
70902
70912
70922
70932
70942
70952
70962
70972
70982
70992
71002
71012
71022
71032
71042
71052
71062
71072
71082
71092
71101
71108
71115
71121
71131
71141
71151
71161
71171
71181
71191
71201
71211
71221
71231
71241
71251
71261
71271
71281
71291
71301
71311
71321
71331
71341
71351
71361
71371
71381
71391
71401
71411
71421
71431
71441
71451
71461
71471
71481
71491
71501
71511
71521
71531
71541
71551
71561
71571
71581
71591
71601
71611
71621
71631
71641
71651
71661
71671
71681
71691
71701
71711
71721
71731
71741
71751
71761
71771
71781
71791
71801
71811
71821
71831
71841
71851
71861
71871
71881
71891
71901
71911
71921
71931
71941
71951
71961
71971
71981
71991
72001
72011
72021
72031
72041
72051
72061
72071
72081
72090
72097
72104
72110
72120
72130
72140
72150
72160
72170
72180
72190
72200
72210
72220
72230
72240
72250
72260
72270
72280
72290
72300
72310
72320
72330
72340
72350
72360
72370
72380
72390
72400
72410
72420
72430
72440
72450
72460
72470
72480
72490
72500
72510
72520
72530
72540
72550
72560
72570
72580
72590
72600
72610
72620
72630
72640
72650
72660
72670
72680
72690
72700
72710
72720
72730
72740
72750
72760
72770
72780
72790
72800
72810
72820
72830
72840
72850
72860
72870
72880
72890
72900
72910
72920
72930
72940
72950
72960
72970
72980
72990
73000
73010
73020
73030
73040
73050
73060
73070
73079
73086
73093
73099
73109
73119
73129
73139
73149
73159
73169
73179
73189
73199
73209
73219
73229
73239
73249
73259
73269
73279
73289
73299
73309
73319
73329
73339
73349
73359
73369
73379
73389
73399
73409
73419
73429
73439
73449
73459
73469
73479
73489
73499
73509
73519
73529
73539
73549
73559
73569
73579
73589
73599
73609
73619
73629
73639
73649
73659
73669
73679
73689
73699
73709
73719
73729
73739
73749
73759
73769
73779
73789
73799
73809
73819
73829
73839
73849
73859
73869
73879
73889
73899
73909
73919
73929
73939
73949
73959
73969
73979
73989
73999
74009
74019
74029
74039
74049
74059
74068
74075
74082
74088
74098
74108
74118
74128
74138
74148
74158
74168
74178
74188
74198
74208
74218
74228
74238
74248
74258
74268
74278
74288
74298
74308
74318
74328
74338
74348
74358
74368
74378
74388
74398
74408
74418
74428
74438
74448
74458
74468
74478
74488
74498
74508
74518
74528
74538
74548
74558
74568
74578
74588
74598
74608
74618
74628
74638
74648
74658
74668
74678
74688
74698
74708
74718
74728
74738
74748
74758
74768
74778
74788
74798
74808
74818
74828
74838
74848
74858
74868
74878
74888
74898
74908
74918
74928
74938
74948
74958
74968
74978
74988
74998
75008
75018
75028
75038
75048
75057
75064
75071
75077
75087
75097
75107
75117
75127
75137
75147
75157
75167
75177
75187
75197
75207
75217
75227
75237
75247
75257
75267
75277
75287
75297
75307
75317
75327
75337
75347
75357
75367
75377
75387
75397
75407
75417
75427
75437
75447
75457
75467
75477
75487
75497
75507
75517
75527
75537
75547
75557
75567
75577
75587
75597
75607
75617
75627
75637
75647
75657
75667
75677
75687
75697
75707
75717
75727
75737
75747
75757
75767
75777
75787
75797
75807
75817
75827
75837
75847
75857
75867
75877
75887
75897
75907
75917
75927
75937
75947
75957
75967
75977
75987
75997
76007
76017
76027
76037
76046
76053
76060
76066
76076
76086
76096
76106
76116
76126
76136
76146
76156
76166
76176
76186
76196
76206
76216
76226
76236
76246
76256
76266
76276
76286
76296
76306
76316
76326
76336
76346
76356
76366
76376
76386
76396
76406
76416
76426
76436
76446
76456
76466
76476
76486
76496
76506
76516
76526
76536
76546
76556
76566
76576
76586
76596
76606
76616
76626
76636
76646
76656
76666
76676
76686
76696
76706
76716
76726
76736
76746
76756
76766
76776
76786
76796
76806
76816
76826
76836
76846
76856
76866
76876
76886
76896
76906
76916
76926
76936
76946
76956
76966
76976
76986
76996
77006
77016
77026
77035
77042
77049
77055
77065
77075
77085
77095
77105
77115
77125
77135
77145
77155
77165
77175
77185
77195
77205
77215
77225
77235
77245
77255
77265
77275
77285
77295
77305
77315
77325
77335
77345
77355
77365
77375
77385
77395
77405
77415
77425
77435
77445
77455
77465
77475
77485
77495
77505
77515
77525
77535
77545
77555
77565
77575
77585
77595
77605
77615
77625
77635
77645
77655
77665
77675
77685
77695
77705
77715
77725
77735
77745
77755
77765
77775
77785
77795
77805
77815
77825
77835
77845
77855
77865
77875
77885
77895
77905
77915
77925
77935
77945
77955
77965
77975
77985
77995
78005
78015
78024
78031
78038
78044
78054
78064
78074
78084
78094
78104
78114
78124
78134
78144
78154
78164
78174
78184
78194
78204
78214
78224
78234
78244
78254
78264
78274
78284
78294
78304
78314
78324
78334
78344
78354
78364
78374
78384
78394
78404
78414
78424
78434
78444
78454
78464
78474
78484
78494
78504
78514
78524
78534
78544
78554
78564
78574
78584
78594
78604
78614
78624
78634
78644
78654
78664
78674
78684
78694
78704
78714
78724
78734
78744
78754
78764
78774
78784
78794
78804
78814
78824
78834
78844
78854
78864
78874
78884
78894
78904
78914
78924
78934
78944
78954
78964
78974
78984
78994
79004
79013
79020
79027
79033
79043
79053
79063
79073
79083
79093
79103
79113
79123
79133
79143
79153
79163
79173
79183
79193
79203
79213
79223
79233
79243
79253
79263
79273
79283
79293
79303
79313
79323
79333
79343
79353
79363
79373
79383
79393
79403
79413
79423
79433
79443
79453
79463
79473
79483
79493
79503
79513
79523
79533
79543
79553
79563
79573
79583
79593
79603
79613
79623
79633
79643
79653
79663
79673
79683
79693
79703
79713
79723
79733
79743
79753
79763
79773
79783
79793
79803
79813
79823
79833
79843
79853
79863
79873
79883
79893
79903
79913
79923
79933
79943
79953
79963
79973
79983
79993
80002
80009
80016
80022
80032
80042
80052
80062
80072
80082
80092
80102
80112
80122
80132
80142
80152
80162
80172
80182
80192
80202
80212
80222
80232
80242
80252
80262
80272
80282
80292
80302
80312
80322
80332
80342
80352
80362
80372
80382
80392
80402
80412
80422
80432
80442
80452
80462
80472
80482
80492
80502
80512
80522
80532
80542
80552
80562
80572
80582
80592
80602
80612
80622
80632
80642
80652
80662
80672
80682
80692
80702
80712
80722
80732
80742
80752
80762
80772
80782
80792
80802
80812
80822
80832
80842
80852
80862
80872
80882
80892
80902
80912
80922
80932
80942
80952
80962
80972
80982
80991
80998
81005
81011
81021
81031
81041
81051
81061
81071
81081
81091
81101
81111
81121
81131
81141
81151
81161
81171
81181
81191
81201
81211
81221
81231
81241
81251
81261
81271
81281
81291
81301
81311
81321
81331
81341
81351
81361
81371
81381
81391
81401
81411
81421
81431
81441
81451
81461
81471
81481
81491
81501
81511
81521
81531
81541
81551
81561
81571
81581
81591
81601
81611
81621
81631
81641
81651
81661
81671
81681
81691
81701
81711
81721
81731
81741
81751
81761
81771
81781
81791
81801
81811
81821
81831
81841
81851
81861
81871
81881
81891
81901
81911
81921
81931
81941
81951
81961
81971
81980
81987
81994
82000
82010
82020
82030
82040
82050
82060
82070
82080
82090
82100
82110
82120
82130
82140
82150
82160
82170
82180
82190
82200
82210
82220
82230
82240
82250
82260
82270
82280
82290
82300
82310
82320
82330
82340
82350
82360
82370
82380
82390
82400
82410
82420
82430
82440
82450
82460
82470
82480
82490
82500
82510
82520
82530
82540
82550
82560
82570
82580
82590
82600
82610
82620
82630
82640
82650
82660
82670
82680
82690
82700
82710
82720
82730
82740
82750
82760
82770
82780
82790
82800
82810
82820
82830
82840
82850
82860
82870
82880
82890
82900
82910
82920
82930
82940
82950
82960
82969
82976
82983
82989
82999
83009
83019
83029
83039
83049
83059
83069
83079
83089
83099
83109
83119
83129
83139
83149
83159
83169
83179
83189
83199
83209
83219
83229
83239
83249
83259
83269
83279
83289
83299
83309
83319
83329
83339
83349
83359
83369
83379
83389
83399
83409
83419
83429
83439
83449
83459
83469
83479
83489
83499
83509
83519
83529
83539
83549
83559
83569
83579
83589
83599
83609
83619
83629
83639
83649
83659
83669
83679
83689
83699
83709
83719
83729
83739
83749
83759
83769
83779
83789
83799
83809
83819
83829
83839
83849
83859
83869
83879
83889
83899
83909
83919
83929
83939
83949
83958
83965
83972
83978
83988
83998
84008
84018
84028
84038
84048
84058
84068
84078
84088
84098
84108
84118
84128
84138
84148
84158
84168
84178
84188
84198
84208
84218
84228
84238
84248
84258
84268
84278
84288
84298
84308
84318
84328
84338
84348
84358
84368
84378
84388
84398
84408
84418
84428
84438
84448
84458
84468
84478
84488
84498
84508
84518
84528
84538
84548
84558
84568
84578
84588
84598
84608
84618
84628
84638
84648
84658
84668
84678
84688
84698
84708
84718
84728
84738
84748
84758
84768
84778
84788
84798
84808
84818
84828
84838
84848
84858
84868
84878
84888
84898
84908
84918
84928
84938
84947
84954
84961
84967
84977
84987
84997
85007
85017
85027
85037
85047
85057
85067
85077
85087
85097
85107
85117
85127
85137
85147
85157
85167
85177
85187
85197
85207
85217
85227
85237
85247
85257
85267
85277
85287
85297
85307
85317
85327
85337
85347
85357
85367
85377
85387
85397
85407
85417
85427
85437
85447
85457
85467
85477
85487
85497
85507
85517
85527
85537
85547
85557
85567
85577
85587
85597
85607
85617
85627
85637
85647
85657
85667
85677
85687
85697
85707
85717
85727
85737
85747
85757
85767
85777
85787
85797
85807
85817
85827
85837
85847
85857
85867
85877
85887
85897
85907
85917
85927
85936
85943
85950
85956
85966
85976
85986
85996
86006
86016
86026
86036
86046
86056
86066
86076
86086
86096
86106
86116
86126
86136
86146
86156
86166
86176
86186
86196
86206
86216
86226
86236
86246
86256
86266
86276
86286
86296
86306
86316
86326
86336
86346
86356
86366
86376
86386
86396
86406
86416
86426
86436
86446
86456
86466
86476
86486
86496
86506
86516
86526
86536
86546
86556
86566
86576
86586
86596
86606
86616
86626
86636
86646
86656
86666
86676
86686
86696
86706
86716
86726
86736
86746
86756
86766
86776
86786
86796
86806
86816
86826
86836
86846
86856
86866
86876
86886
86896
86906
86916
86925
86932
86939
86945
86955
86965
86975
86985
86995
87005
87015
87025
87035
87045
87055
87065
87075
87085
87095
87105
87115
87125
87135
87145
87155
87165
87175
87185
87195
87205
87215
87225
87235
87245
87255
87265
87275
87285
87295
87305
87315
87325
87335
87345
87355
87365
87375
87385
87395
87405
87415
87425
87435
87445
87455
87465
87475
87485
87495
87505
87515
87525
87535
87545
87555
87565
87575
87585
87595
87605
87615
87625
87635
87645
87655
87665
87675
87685
87695
87705
87715
87725
87735
87745
87755
87765
87775
87785
87795
87805
87815
87825
87835
87845
87855
87865
87875
87885
87895
87905
87914
87921
87928
87934
87944
87954
87964
87974
87984
87994
88004
88014
88024
88034
88044
88054
88064
88074
88084
88094
88104
88114
88124
88134
88144
88154
88164
88174
88184
88194
88204
88214
88224
88234
88244
88254
88264
88274
88284
88294
88304
88314
88324
88334
88344
88354
88364
88374
88384
88394
88404
88414
88424
88434
88444
88454
88464
88474
88484
88494
88504
88514
88524
88534
88544
88554
88564
88574
88584
88594
88604
88614
88624
88634
88644
88654
88664
88674
88684
88694
88704
88714
88724
88734
88744
88754
88764
88774
88784
88794
88804
88814
88824
88834
88844
88854
88864
88874
88884
88894
88903
88910
88917
88923
88933
88943
88953
88963
88973
88983
88993
89003
89013
89023
89033
89043
89053
89063
89073
89083
89093
89103
89113
89123
89133
89143
89153
89163
89173
89183
89193
89203
89213
89223
89233
89243
89253
89263
89273
89283
89293
89303
89313
89323
89333
89343
89353
89363
89373
89383
89393
89403
89413
89423
89433
89443
89453
89463
89473
89483
89493
89503
89513
89523
89533
89543
89553
89563
89573
89583
89593
89603
89613
89623
89633
89643
89653
89663
89673
89683
89693
89703
89713
89723
89733
89743
89753
89763
89773
89783
89793
89803
89813
89823
89833
89843
89853
89863
89873
89883
89892
89899
89906
89912
89922
89932
89942
89952
89962
89972
89982
89992
90002
90012
90022
90032
90042
90052
90062
90072
90082
90092
90102
90112
90122
90132
90142
90152
90162
90172
90182
90192
90202
90212
90222
90232
90242
90252
90262
90272
90282
90292
90302
90312
90322
90332
90342
90352
90362
90372
90382
90392
90402
90412
90422
90432
90442
90452
90462
90472
90482
90492
90502
90512
90522
90532
90542
90552
90562
90572
90582
90592
90602
90612
90622
90632
90642
90652
90662
90672
90682
90692
90702
90712
90722
90732
90742
90752
90762
90772
90782
90792
90802
90812
90822
90832
90842
90852
90862
90872
90881
90888
90895
90901
90911
90921
90931
90941
90951
90961
90971
90981
90991
91001
91011
91021
91031
91041
91051
91061
91071
91081
91091
91101
91111
91121
91131
91141
91151
91161
91171
91181
91191
91201
91211
91221
91231
91241
91251
91261
91271
91281
91291
91301
91311
91321
91331
91341
91351
91361
91371
91381
91391
91401
91411
91421
91431
91441
91451
91461
91471
91481
91491
91501
91511
91521
91531
91541
91551
91561
91571
91581
91591
91601
91611
91621
91631
91641
91651
91661
91671
91681
91691
91701
91711
91721
91731
91741
91751
91761
91771
91781
91791
91801
91811
91821
91831
91841
91851
91861
91870
91877
91884
91890
91900
91910
91920
91930
91940
91950
91960
91970
91980
91990
92000
92010
92020
92030
92040
92050
92060
92070
92080
92090
92100
92110
92120
92130
92140
92150
92160
92170
92180
92190
92200
92210
92220
92230
92240
92250
92260
92270
92280
92290
92300
92310
92320
92330
92340
92350
92360
92370
92380
92390
92400
92410
92420
92430
92440
92450
92460
92470
92480
92490
92500
92510
92520
92530
92540
92550
92560
92570
92580
92590
92600
92610
92620
92630
92640
92650
92660
92670
92680
92690
92700
92710
92720
92730
92740
92750
92760
92770
92780
92790
92800
92810
92820
92830
92840
92850
92859
92866
92873
92879
92889
92899
92909
92919
92929
92939
92949
92959
92969
92979
92989
92999
93009
93019
93029
93039
93049
93059
93069
93079
93089
93099
93109
93119
93129
93139
93149
93159
93169
93179
93189
93199
93209
93219
93229
93239
93249
93259
93269
93279
93289
93299
93309
93319
93329
93339
93349
93359
93369
93379
93389
93399
93409
93419
93429
93439
93449
93459
93469
93479
93489
93499
93509
93519
93529
93539
93549
93559
93569
93579
93589
93599
93609
93619
93629
93639
93649
93659
93669
93679
93689
93699
93709
93719
93729
93739
93749
93759
93769
93779
93789
93799
93809
93819
93829
93839
93848
93855
93862
93868
93878
93888
93898
93908
93918
93928
93938
93948
93958
93968
93978
93988
93998
94008
94018
94028
94038
94048
94058
94068
94078
94088
94098
94108
94118
94128
94138
94148
94158
94168
94178
94188
94198
94208
94218
94228
94238
94248
94258
94268
94278
94288
94298
94308
94318
94328
94338
94348
94358
94368
94378
94388
94398
94408
94418
94428
94438
94448
94458
94468
94478
94488
94498
94508
94518
94528
94538
94548
94558
94568
94578
94588
94598
94608
94618
94628
94638
94648
94658
94668
94678
94688
94698
94708
94718
94728
94738
94748
94758
94768
94778
94788
94798
94808
94818
94828
94837
94844
94851
94857
94867
94877
94887
94897
94907
94917
94927
94937
94947
94957
94967
94977
94987
94997
95007
95017
95027
95037
95047
95057
95067
95077
95087
95097
95107
95117
95127
95137
95147
95157
95167
95177
95187
95197
95207
95217
95227
95237
95247
95257
95267
95277
95287
95297
95307
95317
95327
95337
95347
95357
95367
95377
95387
95397
95407
95417
95427
95437
95447
95457
95467
95477
95487
95497
95507
95517
95527
95537
95547
95557
95567
95577
95587
95597
95607
95617
95627
95637
95647
95657
95667
95677
95687
95697
95707
95717
95727
95737
95747
95757
95767
95777
95787
95797
95807
95817
95826
95833
95840
95846
95856
95866
95876
95886
95896
95906
95916
95926
95936
95946
95956
95966
95976
95986
95996
96006
96016
96026
96036
96046
96056
96066
96076
96086
96096
96106
96116
96126
96136
96146
96156
96166
96176
96186
96196
96206
96216
96226
96236
96246
96256
96266
96276
96286
96296
96306
96316
96326
96336
96346
96356
96366
96376
96386
96396
96406
96416
96426
96436
96446
96456
96466
96476
96486
96496
96506
96516
96526
96536
96546
96556
96566
96576
96586
96596
96606
96616
96626
96636
96646
96656
96666
96676
96686
96696
96706
96716
96726
96736
96746
96756
96766
96776
96786
96796
96806
96815
96822
96829
96835
96845
96855
96865
96875
96885
96895
96905
96915
96925
96935
96945
96955
96965
96975
96985
96995
97005
97015
97025
97035
97045
97055
97065
97075
97085
97095
97105
97115
97125
97135
97145
97155
97165
97175
97185
97195
97205
97215
97225
97235
97245
97255
97265
97275
97285
97295
97305
97315
97325
97335
97345
97355
97365
97375
97385
97395
97405
97415
97425
97435
97445
97455
97465
97475
97485
97495
97505
97515
97525
97535
97545
97555
97565
97575
97585
97595
97605
97615
97625
97635
97645
97655
97665
97675
97685
97695
97705
97715
97725
97735
97745
97755
97765
97775
97785
97795
97804
97811
